Enter x1, x2, y
BEFORE:
00000000 | 00000000 | 00000000 | 00000000 | 00000000 | 00000000 | 00000000 | 00000000
00000000 | 00000000 | 00000000 | 00000000 | 00000000 | 00000000 | 00000000 | 00000000
00000000 | 00000000 | 00000000 | 00000000 | 00000000 | 00000000 | 00000000 | 00000000
00000000 | 00000000 | 00000000 | 00000000 | 00000000 | 00000000 | 00000000 | 00000000
AFTER:
00000000 | 00000000 | 00000000 | 00000000 | 00000011 | 11111111 | 11111111 | 11000000
00000000 | 00000000 | 00000000 | 00000000 | 00000000 | 00000000 | 00000000 | 00000000
00000000 | 00000000 | 00000000 | 00000000 | 00000000 | 00000000 | 00000000 | 00000000
00000000 | 00000000 | 00000000 | 00000000 | 00000000 | 00000000 | 00000000 | 00000000
BEFORE:
00000000 | 00000000 | 00000000 | 00000000 | 00000011 | 11111111 | 11111111 | 11000000
00000000 | 00000000 | 00000000 | 00000000 | 00000000 | 00000000 | 00000000 | 00000000
00000000 | 00000000 | 00000000 | 00000000 | 00000000 | 00000000 | 00000000 | 00000000
00000000 | 00000000 | 00000000 | 00000000 | 00000000 | 00000000 | 00000000 | 00000000
AFTER:
10000000 | 00000000 | 00000000 | 00000000 | 00000011 | 11111111 | 11111111 | 11000000
00000000 | 00000000 | 00000000 | 00000000 | 00000000 | 00000000 | 00000000 | 00000000
00000000 | 00000000 | 00000000 | 00000000 | 00000000 | 00000000 | 00000000 | 00000000
00000000 | 00000000 | 00000000 | 00000000 | 00000000 | 00000000 | 00000000 | 00000000
BEFORE:
10000000 | 00000000 | 00000000 | 00000000 | 00000011 | 11111111 | 11111111 | 11000000
00000000 | 00000000 | 00000000 | 00000000 | 00000000 | 00000000 | 00000000 | 00000000
00000000 | 00000000 | 00000000 | 00000000 | 00000000 | 00000000 | 00000000 | 00000000
00000000 | 00000000 | 00000000 | 00000000 | 00000000 | 00000000 | 00000000 | 00000000
AFTER:
10000000 | 00000000 | 00000000 | 00000000 | 00000011 | 11111111 | 11111111 | 11000000
00000000 | 00000000 | 00000000 | 00000000 | 00000000 | 00000000 | 00000000 | 00000000
00000000 | 00000000 | 00000000 | 00000000 | 00000011 | 11111111 | 11111111 | 11000000
00000000 | 00000000 | 00000000 | 00000000 | 00000000 | 00000000 | 00000000 | 00000000
BEFORE:
10000000 | 00000000 | 00000000 | 00000000 | 00000011 | 11111111 | 11111111 | 11000000
00000000 | 00000000 | 00000000 | 00000000 | 00000000 | 00000000 | 00000000 | 00000000
00000000 | 00000000 | 00000000 | 00000000 | 00000011 | 11111111 | 11111111 | 11000000
00000000 | 00000000 | 00000000 | 00000000 | 00000000 | 00000000 | 00000000 | 00000000
AFTER:
10000000 | 00000000 | 00000000 | 00000000 | 00000011 | 11111111 | 11111111 | 11000000
00000000 | 01000000 | 00000000 | 00000000 | 00000000 | 00000000 | 00000000 | 00000000
00000000 | 00000000 | 00000000 | 00000000 | 00000011 | 11111111 | 11111111 | 11000000
00000000 | 00000000 | 00000000 | 00000000 | 00000000 | 00000000 | 00000000 | 00000000
BEFORE:
10000000 | 00000000 | 00000000 | 00000000 | 00000011 | 11111111 | 11111111 | 11000000
00000000 | 01000000 | 00000000 | 00000000 | 00000000 | 00000000 | 00000000 | 00000000
00000000 | 00000000 | 00000000 | 00000000 | 00000011 | 11111111 | 11111111 | 11000000
00000000 | 00000000 | 00000000 | 00000000 | 00000000 | 00000000 | 00000000 | 00000000
AFTER:
10000000 | 00000000 | 00000000 | 00000000 | 00000011 | 11111111 | 11111111 | 11000000
00000000 | 01111000 | 00000000 | 00000000 | 00000000 | 00000000 | 00000000 | 00000000
00000000 | 00000000 | 00000000 | 00000000 | 00000011 | 11111111 | 11111111 | 11000000
00000000 | 00000000 | 00000000 | 00000000 | 00000000 | 00000000 | 00000000 | 00000000
BEFORE:
10000000 | 00000000 | 00000000 | 00000000 | 00000011 | 11111111 | 11111111 | 11000000
00000000 | 01111000 | 00000000 | 00000000 | 00000000 | 00000000 | 00000000 | 00000000
00000000 | 00000000 | 00000000 | 00000000 | 00000011 | 11111111 | 11111111 | 11000000
00000000 | 00000000 | 00000000 | 00000000 | 00000000 | 00000000 | 00000000 | 00000000
AFTER:
10000000 | 00000000 | 00000000 | 00000000 | 00000011 | 11111111 | 11111111 | 11000000
00000000 | 01111000 | 00000000 | 00000000 | 00000000 | 00000000 | 00000000 | 00000000
00000000 | 00000011 | 11100000 | 00000000 | 00000011 | 11111111 | 11111111 | 11000000
00000000 | 00000000 | 00000000 | 00000000 | 00000000 | 00000000 | 00000000 | 00000000
BEFORE:
10000000 | 00000000 | 00000000 | 00000000 | 00000011 | 11111111 | 11111111 | 11000000
00000000 | 01111000 | 00000000 | 00000000 | 00000000 | 00000000 | 00000000 | 00000000
00000000 | 00000011 | 11100000 | 00000000 | 00000011 | 11111111 | 11111111 | 11000000
00000000 | 00000000 | 00000000 | 00000000 | 00000000 | 00000000 | 00000000 | 00000000
AFTER:
10000000 | 00000000 | 00000000 | 00000000 | 00000011 | 11111111 | 11111111 | 11000000
00000000 | 01111000 | 00000000 | 00000000 | 00000000 | 00000000 | 00000000 | 00000000
00000000 | 00000011 | 11100000 | 00000000 | 00000011 | 11111111 | 11111111 | 11000000
00000000 | 11111111 | 11111111 | 11111111 | 00000000 | 00000000 | 00000000 | 00000000
BEFORE:
10000000 | 00000000 | 00000000 | 00000000 | 00000011 | 11111111 | 11111111 | 11000000
00000000 | 01111000 | 00000000 | 00000000 | 00000000 | 00000000 | 00000000 | 00000000
00000000 | 00000011 | 11100000 | 00000000 | 00000011 | 11111111 | 11111111 | 11000000
00000000 | 11111111 | 11111111 | 11111111 | 00000000 | 00000000 | 00000000 | 00000000
AFTER:
10000000 | 00000000 | 00000000 | 00000000 | 00000011 | 11111111 | 11111111 | 11000000
00000000 | 01111000 | 00000000 | 00000000 | 00000000 | 00000000 | 00000000 | 00000000
00000000 | 00000011 | 11100000 | 00000000 | 00000011 | 11111111 | 11111111 | 11000000
00000000 | 11111111 | 11111111 | 11111111 | 00000000 | 00000000 | 00000000 | 11111111
BEFORE:
10000000 | 00000000 | 00000000 | 00000000 | 00000011 | 11111111 | 11111111 | 11000000
00000000 | 01111000 | 00000000 | 00000000 | 00000000 | 00000000 | 00000000 | 00000000
00000000 | 00000011 | 11100000 | 00000000 | 00000011 | 11111111 | 11111111 | 11000000
00000000 | 11111111 | 11111111 | 11111111 | 00000000 | 00000000 | 00000000 | 11111111
AFTER:
10000000 | 00000000 | 00000000 | 00000000 | 00000011 | 11111111 | 11111111 | 11000000
00000000 | 01111000 | 00000001 | 10000000 | 00000000 | 00000000 | 00000000 | 00000000
00000000 | 00000011 | 11100000 | 00000000 | 00000011 | 11111111 | 11111111 | 11000000
00000000 | 11111111 | 11111111 | 11111111 | 00000000 | 00000000 | 00000000 | 11111111
