4 4
15 20 40 85
20 35 80 95
30 55 95 105
40 80 100 120
15

4 4
15 20 40 85
20 35 80 95
30 55 95 105
40 80 100 120
120

4 4
15 20 40 85
20 35 80 95
30 55 95 105
40 80 100 120
55

4 4
15 20 40 85
20 35 80 95
30 55 95 105
40 80 100 120
85

4 4
15 20 40 85
20 35 80 95
30 55 95 105
32 80 100 120
32

4 4
15 20 40 85
20 35 80 195
30 55 95 205
32 80 100 220
195

4 4
15 20 40 85
20 35 80 195
30 55 95 205
32 80 100 220
35

4 4
15 20 40 85
20 35 80 195
30 55 95 205
32 80 100 220
36

4 4
15 20 40 85
20 35 80 195
30 55 95 205
32 80 100 220
95

4 4
15 20 40 85
20 35 80 195
30 55 95 205
32 80 100 220
96

4 4
15 20 40 85
20 35 80 195
30 55 95 205
32 80 100 220
85

4 4
15 20 40 85
20 35 80 195
30 55 95 205
32 80 100 220
40

4 4
15 20 40 85
20 35 80 195
30 55 95 205
32 80 100 220
30

1 8
0 2 6 10 14 20 26 30
-5

1 8
0 2 6 10 14 20 26 30
26

1 8
0 2 6 10 14 20 26 30
30

1 8
0 2 6 10 14 20 26 30
35

1 8
0 2 6 10 14 20 26 30
14

5 2
0 1
9 11
14 16
20 21
26 27
21

5 2
0 1
9 11
14 16
20 21
26 27
-2

5 2
0 1
9 11
14 16
20 21
26 27
1

5 2
0 1
9 11
14 16
20 21
26 27
0

5 2
0 1
9 11
14 16
20 21
26 27
14

5 2
0 1
9 11
14 16
20 21
26 27
26

5 2
0 1
9 11
14 16
20 21
26 27
27
