8
1 2 5 8 13 9 3 -1
1

8
1 2 5 8 13 9 3 -1
2

8
1 2 5 8 13 9 3 -1
5

8
1 2 5 8 13 9 3 -1
8

8
1 2 5 8 13 9 3 -1
13

8
1 2 5 8 13 9 3 -1
9

8
1 2 5 8 13 9 3 -1
3

8
1 2 5 8 13 9 3 -1
-1

8
1 2 5 8 13 9 3 -1
-10

8
1 2 5 8 13 9 3 -1
4

3
0 2 0
0

3
0 2 0
2

3
0 2 0
1

3
0 2 0
4

9
0 2 4 6 8 10 -2 -7 -15
0

9
0 2 4 6 8 10 -2 -7 -15
2

9
0 2 4 6 8 10 -2 -7 -15
4

9
0 2 4 6 8 10 -2 -7 -15
6

9
0 2 4 6 8 10 -2 -7 -15
8

9
0 2 4 6 8 10 -2 -7 -15
10

9
0 2 4 6 8 10 -2 -7 -15
-2

9
0 2 4 6 8 10 -2 -7 -15
-7

9
0 2 4 6 8 10 -2 -7 -15
-15

9
0 2 4 6 8 10 -2 -7 -15
-9

9
0 2 4 6 8 10 -2 -7 -15
1

9
0 15 5 4 3 2 1 0 -1
0

9
0 15 5 4 3 2 1 0 -1
15

9
0 15 5 4 3 2 1 0 -1
5

9
0 15 5 4 3 2 1 0 -1
4

9
0 15 5 4 3 2 1 0 -1
3

9
0 15 5 4 3 2 1 0 -1
2

9
0 15 5 4 3 2 1 0 -1
1

9
0 15 5 4 3 2 1 0 -1
-1

5
1 2 3 4 -2
0

5
1 2 3 4 -2
1

5
1 2 3 4 -2
2

5
1 2 3 4 -2
3

5
1 2 3 4 -2
4

5
1 2 3 4 -2
5

5
1 2 3 4 -2
-2

5
1 2 3 4 -2
-20
