8
1 5 8 9 10 17 17 20

8
3 5 8 9 10 17 17 20

68
16 650 71 877 145 44 138 335 314 647 225 351 889 167 387 753 724 250 676 789 909 811 145 866 474 222 330 589 740 415 109 108 418 180 985 563 224 475 250 890 474 475 242 363 995 981 116 719 232 145 508 141 308 6 359 134 228 41 724 321 457 833 429 875 365 415 790 941

79
95 423 679 920 51 915 559 80 529 690 20 218 29 395 594 408 896 308 692 859 463 869 272 818 314 711 467 618 967 412 296 414 187 327 687 590 242 246 671 771 288 691 341 317 439 288 725 687 596 769 546 411 639 170 229 305 234 48 275 553 460 571 967 0 250 654 590 492 252 613 615 892 657 309 210 96 597 287 135

9
831 792 350 656 21 27 106 545 545

54
419 527 128 157 757 887 235 873 845 597 486 888 230 732 100 287 797 482 610 376 804 459 469 105 474 591 65 989 194 951 342 965 478 470 122 587 710 709 460 555 659 299 443 889 31 896 176 180 378 138 908 535 949 378

75
877 212 91 55 174 177 466 65 213 71 708 889 430 599 453 495 619 287 562 35 488 925 716 396 708 665 336 358 419 571 384 296 136 827 352 310 5 170 727 570 241 787 459 672 387 264 519 358 552 81 393 40 358 461 788 418 126 125 776 545 48 513 841 184 340 545 494 345 715 222 915 957 9 727 629

89
15 411 994 57 110 281 607 772 166 358 650 44 296 719 697 927 45 547 871 733 309 400 584 541 386 526 41 571 399 692 659 414 104 653 823 566 286 430 338 452 141 341 849 789 60 546 716 105 446 939 190 755 691 775 296 77 653 338 1 52 30 660 818 486 666 642 404 304 424 743 109 565 84 958 707 144 504 423 601 950 715 791 706 406 918 354 836 572 692

32
260 445 13 554 84 591 323 333 143 754 645 36 889 104 270 271 291 534 119 445 102 364 84 199 874 763 747 125 63 167 308 675
