9
2 3 4 7 17 19 21 35 89
2 3 4 7 17 19 21 35 89
19

9
2 3 4 7 17 19 21 35 89
2 3 4 7 17 19 21 35 89
89

9
2 3 4 7 17 19 21 35 89
2 3 4 7 17 19 21 35 89
1000

9
2 3 4 7 17 19 21 35 89
2 3 4 7 17 19 21 35 89
0

9
89 35 21 19 17 7 4 3 2
2 3 4 7 17 19 21 35 89
19

9
89 35 21 19 17 7 4 3 2
2 3 4 7 17 19 21 35 89
89

9
89 35 21 19 17 7 4 3 2
2 3 4 7 17 19 21 35 89
1000

9
89 35 21 19 17 7 4 3 2
2 3 4 7 17 19 21 35 89
0

9
19 4 2 3 7 17 35 21 89
2 3 4 7 17 19 21 35 89
19

9
19 4 2 3 7 17 35 21 89
2 3 4 7 17 19 21 35 89
89

9
19 4 2 3 7 17 35 21 89
2 3 4 7 17 19 21 35 89
1000

9
19 4 2 3 7 17 35 21 89
2 3 4 7 17 19 21 35 89
0

9
19 4 2 3 7 17 35 21 89
2 3 4 7 17 19 21 35 89
21

9
19 4 2 3 7 17 35 21 89
2 3 4 7 17 19 21 35 89
35

9
19 4 2 3 7 17 35 21 89
2 3 4 7 17 19 21 35 89
3

9
19 4 2 3 7 17 35 21 89
2 3 4 7 17 19 21 35 89
5

9
19 4 2 3 7 17 35 21 89
2 3 4 7 17 19 21 35 89
54

9
19 4 2 3 7 17 35 21 89
2 3 4 7 17 19 21 35 89
20

9
2 3 4 7 17 19 21 35 89
2 3 4 7 17 19 21 35 89
5

9
2 3 4 7 17 19 21 35 89
2 3 4 7 17 19 21 35 89
54

9
2 3 4 7 17 19 21 35 89
2 3 4 7 17 19 21 35 89
20

9
89 35 21 19 17 7 4 3 2
2 3 4 7 17 19 21 35 89
5

9
89 35 21 19 17 7 4 3 2
2 3 4 7 17 19 21 35 89
54

9
89 35 21 19 17 7 4 3 2
2 3 4 7 17 19 21 35 89
20
