Enter the matrix dimensions, followed by the elements.
> 1 

> 1 

2 

1 2 

> 1 

2 

1 
2 

> 1 

2 

3 

4 

1 2 

3 4 

1 
3 

2 
4 

1 2 
3 4 

> 1 

5 

9 

2 

6 

10 

3 

7 

11 

4 

8 

12 

1 5 

5 9 

2 6 

6 10 

3 7 

7 11 

4 8 

8 12 

1 5 9 

2 6 10 

3 7 11 

4 8 12 

1 
2 

5 
6 

9 
10 

2 
3 

6 
7 

10 
11 

3 
4 

7 
8 

11 
12 

1 5 
2 6 

5 9 
6 10 

2 6 
3 7 

6 10 
7 11 

3 7 
4 8 

7 11 
8 12 

1 5 9 
2 6 10 

2 6 10 
3 7 11 

3 7 11 
4 8 12 

1 
2 
3 

5 
6 
7 

9 
10 
11 

2 
3 
4 

6 
7 
8 

10 
11 
12 

1 5 
2 6 
3 7 

5 9 
6 10 
7 11 

2 6 
3 7 
4 8 

6 10 
7 11 
8 12 

1 5 9 
2 6 10 
3 7 11 

2 6 10 
3 7 11 
4 8 12 

1 
2 
3 
4 

5 
6 
7 
8 

9 
10 
11 
12 

1 5 
2 6 
3 7 
4 8 

5 9 
6 10 
7 11 
8 12 

1 5 9 
2 6 10 
3 7 11 
4 8 12 

> 