Enter the size of the arrays (both have the same size), followed by
A's elements, followed by B's elements
Note: both arrays must be sorted
> [ 0, 2, 5, 7 ];
[ 0, 2, 5, 10 ];
[ 0, 7 ];
[ 0, 10 ];
[ 2, 5, 7 ];
[ 2, 5, 10 ];
> [ 0, 0 ];
[ 0, 0 ];
> [ -1 ];
[ -2, -1 ];
> [ 0, 4 ];
[ 4 ];
> [ 0, 0, 1, 1 ];
[ 0, 1, 1 ];
[ 0, 0, 1, 1 ];
[ 0, 1, 1 ];
> [ 20 ];
[ 8, 20 ];
[ 8, 30 ];
> [ 8, 20 ];
[ 8, 30 ];
[ 20 ];
> [ 0, 7, 12, 12, 23, 90 ];
[ 0, 7, 12, 12, 23, 99 ];
[ 0, 7, 12, 90 ];
[ 0, 7, 12, 99 ];
[ 0, 7, 23, 90 ];
[ 0, 7, 23, 99 ];
[ 0, 10, 12, 12, 23, 90 ];
[ 0, 10, 12, 12, 23, 99 ];
[ 0, 10, 12, 90 ];
[ 0, 10, 12, 99 ];
[ 0, 10, 23, 90 ];
[ 0, 10, 23, 99 ];
[ 0, 12, 12, 90 ];
[ 0, 12, 12, 99 ];
[ 0, 12, 23, 90 ];
[ 0, 12, 23, 99 ];
[ 0, 90 ];
[ 0, 99 ];
[ 7, 12, 12, 23, 90 ];
[ 7, 12, 12, 23, 99 ];
[ 7, 12, 90 ];
[ 7, 12, 99 ];
[ 7, 23, 90 ];
[ 7, 23, 99 ];
> 