11
15 12 10 8 9 5 6 6 7 8 5
7

10
10 9 8 7 6 5 4 3 2 1
1

10
10 9 8 7 6 5 4 3 2 1
2

10
10 9 8 7 6 5 4 3 2 1
3

14
15 12 10 8 9 1 0 6 7 8 5 0 -1 -1
1

14
15 12 10 8 9 1 0 6 7 8 5 0 -1 -1
2

14
15 12 10 8 9 1 0 6 7 8 5 0 -1 -1
3

14
15 12 10 8 9 1 0 6 7 8 5 0 -1 -1
4

14
15 12 10 8 9 1 0 6 7 8 5 0 -1 -1
5

14
15 12 10 8 9 1 0 6 7 8 5 0 -1 -1
8

14
15 12 10 8 9 1 0 6 7 8 5 0 -1 -1
9

14
15 12 10 8 9 1 0 6 7 8 5 0 -1 -1
10

14
15 12 10 8 9 1 0 6 7 8 5 0 -1 -1
13

14
15 12 10 8 9 1 0 6 7 8 5 0 -1 -1
14

15
15 12 10 6 7 8 9 4 3 1 2 5 5 2 1
1

15
15 12 10 6 7 8 9 4 3 1 2 5 5 2 1
2

15
15 12 10 6 7 8 9 4 3 1 2 5 5 2 1
3

15
15 12 10 6 7 8 9 4 3 1 2 5 5 2 1
4

15
15 12 10 6 7 8 9 4 3 1 2 5 5 2 1
6

15
15 12 10 6 7 8 9 4 3 1 2 5 5 2 1
7

15
15 12 10 6 7 8 9 4 3 1 2 5 5 2 1
12

15
15 12 10 6 7 8 9 4 3 1 2 5 5 2 1
15

1
1
1

1
1
2

2
2 1
1

2
2 1
2
