Enter the number of nodes in the BST, followed by the preorder traversal, followed by the inorder traversal
> [ 2, 1, 3 ]
[ 2, 3, 1 ]
> [ 4, 2, 6, 1, 3, 5, 7, 0 ]
[ 4, 2, 6, 1, 3, 5, 0, 7 ]
[ 4, 2, 6, 1, 3, 7, 5, 0 ]
[ 4, 2, 6, 1, 3, 7, 0, 5 ]
[ 4, 2, 6, 1, 3, 0, 7, 5 ]
[ 4, 2, 6, 1, 3, 0, 5, 7 ]
[ 4, 2, 6, 1, 5, 3, 7, 0 ]
[ 4, 2, 6, 1, 5, 3, 0, 7 ]
[ 4, 2, 6, 1, 5, 7, 3, 0 ]
[ 4, 2, 6, 1, 5, 7, 0, 3 ]
[ 4, 2, 6, 1, 5, 0, 7, 3 ]
[ 4, 2, 6, 1, 5, 0, 3, 7 ]
[ 4, 2, 6, 1, 7, 5, 3, 0 ]
[ 4, 2, 6, 1, 7, 5, 0, 3 ]
[ 4, 2, 6, 1, 7, 3, 5, 0 ]
[ 4, 2, 6, 1, 7, 3, 0, 5 ]
[ 4, 2, 6, 1, 7, 0, 3, 5 ]
[ 4, 2, 6, 1, 7, 0, 5, 3 ]
[ 4, 2, 6, 1, 0, 5, 7, 3 ]
[ 4, 2, 6, 1, 0, 5, 3, 7 ]
[ 4, 2, 6, 1, 0, 7, 5, 3 ]
[ 4, 2, 6, 1, 0, 7, 3, 5 ]
[ 4, 2, 6, 1, 0, 3, 7, 5 ]
[ 4, 2, 6, 1, 0, 3, 5, 7 ]
[ 4, 2, 6, 3, 1, 5, 7, 0 ]
[ 4, 2, 6, 3, 1, 5, 0, 7 ]
[ 4, 2, 6, 3, 1, 7, 5, 0 ]
[ 4, 2, 6, 3, 1, 7, 0, 5 ]
[ 4, 2, 6, 3, 1, 0, 7, 5 ]
[ 4, 2, 6, 3, 1, 0, 5, 7 ]
[ 4, 2, 6, 3, 5, 1, 7, 0 ]
[ 4, 2, 6, 3, 5, 1, 0, 7 ]
[ 4, 2, 6, 3, 5, 7, 1, 0 ]
[ 4, 2, 6, 3, 7, 5, 1, 0 ]
[ 4, 2, 6, 3, 7, 1, 5, 0 ]
[ 4, 2, 6, 3, 7, 1, 0, 5 ]
[ 4, 2, 6, 5, 3, 1, 7, 0 ]
[ 4, 2, 6, 5, 3, 1, 0, 7 ]
[ 4, 2, 6, 5, 3, 7, 1, 0 ]
[ 4, 2, 6, 5, 1, 3, 7, 0 ]
[ 4, 2, 6, 5, 1, 3, 0, 7 ]
[ 4, 2, 6, 5, 1, 7, 3, 0 ]
[ 4, 2, 6, 5, 1, 7, 0, 3 ]
[ 4, 2, 6, 5, 1, 0, 7, 3 ]
[ 4, 2, 6, 5, 1, 0, 3, 7 ]
[ 4, 2, 6, 5, 7, 1, 3, 0 ]
[ 4, 2, 6, 5, 7, 1, 0, 3 ]
[ 4, 2, 6, 5, 7, 3, 1, 0 ]
[ 4, 2, 6, 7, 3, 5, 1, 0 ]
[ 4, 2, 6, 7, 3, 1, 5, 0 ]
[ 4, 2, 6, 7, 3, 1, 0, 5 ]
[ 4, 2, 6, 7, 5, 3, 1, 0 ]
[ 4, 2, 6, 7, 5, 1, 3, 0 ]
[ 4, 2, 6, 7, 5, 1, 0, 3 ]
[ 4, 2, 6, 7, 1, 5, 3, 0 ]
[ 4, 2, 6, 7, 1, 5, 0, 3 ]
[ 4, 2, 6, 7, 1, 3, 5, 0 ]
[ 4, 2, 6, 7, 1, 3, 0, 5 ]
[ 4, 2, 6, 7, 1, 0, 3, 5 ]
[ 4, 2, 6, 7, 1, 0, 5, 3 ]
[ 4, 2, 1, 6, 3, 0, 5, 7 ]
[ 4, 2, 1, 6, 3, 0, 7, 5 ]
[ 4, 2, 1, 6, 3, 5, 0, 7 ]
[ 4, 2, 1, 6, 3, 5, 7, 0 ]
[ 4, 2, 1, 6, 3, 7, 5, 0 ]
[ 4, 2, 1, 6, 3, 7, 0, 5 ]
[ 4, 2, 1, 6, 0, 3, 5, 7 ]
[ 4, 2, 1, 6, 0, 3, 7, 5 ]
[ 4, 2, 1, 6, 0, 5, 3, 7 ]
[ 4, 2, 1, 6, 0, 5, 7, 3 ]
[ 4, 2, 1, 6, 0, 7, 5, 3 ]
[ 4, 2, 1, 6, 0, 7, 3, 5 ]
[ 4, 2, 1, 6, 5, 0, 3, 7 ]
[ 4, 2, 1, 6, 5, 0, 7, 3 ]
[ 4, 2, 1, 6, 5, 3, 0, 7 ]
[ 4, 2, 1, 6, 5, 3, 7, 0 ]
[ 4, 2, 1, 6, 5, 7, 3, 0 ]
[ 4, 2, 1, 6, 5, 7, 0, 3 ]
[ 4, 2, 1, 6, 7, 0, 5, 3 ]
[ 4, 2, 1, 6, 7, 0, 3, 5 ]
[ 4, 2, 1, 6, 7, 5, 0, 3 ]
[ 4, 2, 1, 6, 7, 5, 3, 0 ]
[ 4, 2, 1, 6, 7, 3, 5, 0 ]
[ 4, 2, 1, 6, 7, 3, 0, 5 ]
[ 4, 2, 1, 3, 6, 0, 5, 7 ]
[ 4, 2, 1, 3, 6, 0, 7, 5 ]
[ 4, 2, 1, 3, 6, 5, 0, 7 ]
[ 4, 2, 1, 3, 6, 5, 7, 0 ]
[ 4, 2, 1, 3, 6, 7, 5, 0 ]
[ 4, 2, 1, 3, 6, 7, 0, 5 ]
[ 4, 2, 1, 3, 0, 6, 5, 7 ]
[ 4, 2, 1, 3, 0, 6, 7, 5 ]
[ 4, 2, 1, 0, 3, 6, 5, 7 ]
[ 4, 2, 1, 0, 3, 6, 7, 5 ]
[ 4, 2, 1, 0, 6, 3, 5, 7 ]
[ 4, 2, 1, 0, 6, 3, 7, 5 ]
[ 4, 2, 1, 0, 6, 5, 3, 7 ]
[ 4, 2, 1, 0, 6, 5, 7, 3 ]
[ 4, 2, 1, 0, 6, 7, 5, 3 ]
[ 4, 2, 1, 0, 6, 7, 3, 5 ]
[ 4, 2, 3, 1, 6, 0, 5, 7 ]
[ 4, 2, 3, 1, 6, 0, 7, 5 ]
[ 4, 2, 3, 1, 6, 5, 0, 7 ]
[ 4, 2, 3, 1, 6, 5, 7, 0 ]
[ 4, 2, 3, 1, 6, 7, 5, 0 ]
[ 4, 2, 3, 1, 6, 7, 0, 5 ]
[ 4, 2, 3, 1, 0, 6, 5, 7 ]
[ 4, 2, 3, 1, 0, 6, 7, 5 ]
[ 4, 2, 3, 6, 1, 5, 7, 0 ]
[ 4, 2, 3, 6, 1, 5, 0, 7 ]
[ 4, 2, 3, 6, 1, 7, 5, 0 ]
[ 4, 2, 3, 6, 1, 7, 0, 5 ]
[ 4, 2, 3, 6, 1, 0, 7, 5 ]
[ 4, 2, 3, 6, 1, 0, 5, 7 ]
[ 4, 2, 3, 6, 5, 1, 7, 0 ]
[ 4, 2, 3, 6, 5, 1, 0, 7 ]
[ 4, 2, 3, 6, 5, 7, 1, 0 ]
[ 4, 2, 3, 6, 7, 5, 1, 0 ]
[ 4, 2, 3, 6, 7, 1, 5, 0 ]
[ 4, 2, 3, 6, 7, 1, 0, 5 ]
[ 4, 6, 2, 5, 7, 1, 3, 0 ]
[ 4, 6, 2, 5, 7, 1, 0, 3 ]
[ 4, 6, 2, 5, 7, 3, 1, 0 ]
[ 4, 6, 2, 5, 1, 7, 3, 0 ]
[ 4, 6, 2, 5, 1, 7, 0, 3 ]
[ 4, 6, 2, 5, 1, 3, 7, 0 ]
[ 4, 6, 2, 5, 1, 3, 0, 7 ]
[ 4, 6, 2, 5, 1, 0, 3, 7 ]
[ 4, 6, 2, 5, 1, 0, 7, 3 ]
[ 4, 6, 2, 5, 3, 1, 7, 0 ]
[ 4, 6, 2, 5, 3, 1, 0, 7 ]
[ 4, 6, 2, 5, 3, 7, 1, 0 ]
[ 4, 6, 2, 7, 5, 1, 3, 0 ]
[ 4, 6, 2, 7, 5, 1, 0, 3 ]
[ 4, 6, 2, 7, 5, 3, 1, 0 ]
[ 4, 6, 2, 7, 1, 5, 3, 0 ]
[ 4, 6, 2, 7, 1, 5, 0, 3 ]
[ 4, 6, 2, 7, 1, 3, 5, 0 ]
[ 4, 6, 2, 7, 1, 3, 0, 5 ]
[ 4, 6, 2, 7, 1, 0, 3, 5 ]
[ 4, 6, 2, 7, 1, 0, 5, 3 ]
[ 4, 6, 2, 7, 3, 1, 5, 0 ]
[ 4, 6, 2, 7, 3, 1, 0, 5 ]
[ 4, 6, 2, 7, 3, 5, 1, 0 ]
[ 4, 6, 2, 1, 7, 5, 3, 0 ]
[ 4, 6, 2, 1, 7, 5, 0, 3 ]
[ 4, 6, 2, 1, 7, 3, 5, 0 ]
[ 4, 6, 2, 1, 7, 3, 0, 5 ]
[ 4, 6, 2, 1, 7, 0, 3, 5 ]
[ 4, 6, 2, 1, 7, 0, 5, 3 ]
[ 4, 6, 2, 1, 5, 7, 3, 0 ]
[ 4, 6, 2, 1, 5, 7, 0, 3 ]
[ 4, 6, 2, 1, 5, 3, 7, 0 ]
[ 4, 6, 2, 1, 5, 3, 0, 7 ]
[ 4, 6, 2, 1, 5, 0, 3, 7 ]
[ 4, 6, 2, 1, 5, 0, 7, 3 ]
[ 4, 6, 2, 1, 3, 5, 7, 0 ]
[ 4, 6, 2, 1, 3, 5, 0, 7 ]
[ 4, 6, 2, 1, 3, 7, 5, 0 ]
[ 4, 6, 2, 1, 3, 7, 0, 5 ]
[ 4, 6, 2, 1, 3, 0, 7, 5 ]
[ 4, 6, 2, 1, 3, 0, 5, 7 ]
[ 4, 6, 2, 1, 0, 5, 3, 7 ]
[ 4, 6, 2, 1, 0, 5, 7, 3 ]
[ 4, 6, 2, 1, 0, 3, 5, 7 ]
[ 4, 6, 2, 1, 0, 3, 7, 5 ]
[ 4, 6, 2, 1, 0, 7, 3, 5 ]
[ 4, 6, 2, 1, 0, 7, 5, 3 ]
[ 4, 6, 2, 3, 7, 1, 5, 0 ]
[ 4, 6, 2, 3, 7, 1, 0, 5 ]
[ 4, 6, 2, 3, 7, 5, 1, 0 ]
[ 4, 6, 2, 3, 1, 7, 5, 0 ]
[ 4, 6, 2, 3, 1, 7, 0, 5 ]
[ 4, 6, 2, 3, 1, 5, 7, 0 ]
[ 4, 6, 2, 3, 1, 5, 0, 7 ]
[ 4, 6, 2, 3, 1, 0, 5, 7 ]
[ 4, 6, 2, 3, 1, 0, 7, 5 ]
[ 4, 6, 2, 3, 5, 1, 7, 0 ]
[ 4, 6, 2, 3, 5, 1, 0, 7 ]
[ 4, 6, 2, 3, 5, 7, 1, 0 ]
[ 4, 6, 5, 2, 7, 1, 3, 0 ]
[ 4, 6, 5, 2, 7, 1, 0, 3 ]
[ 4, 6, 5, 2, 7, 3, 1, 0 ]
[ 4, 6, 5, 2, 1, 7, 3, 0 ]
[ 4, 6, 5, 2, 1, 7, 0, 3 ]
[ 4, 6, 5, 2, 1, 3, 7, 0 ]
[ 4, 6, 5, 2, 1, 3, 0, 7 ]
[ 4, 6, 5, 2, 1, 0, 3, 7 ]
[ 4, 6, 5, 2, 1, 0, 7, 3 ]
[ 4, 6, 5, 2, 3, 1, 7, 0 ]
[ 4, 6, 5, 2, 3, 1, 0, 7 ]
[ 4, 6, 5, 2, 3, 7, 1, 0 ]
[ 4, 6, 5, 7, 2, 1, 3, 0 ]
[ 4, 6, 5, 7, 2, 1, 0, 3 ]
[ 4, 6, 5, 7, 2, 3, 1, 0 ]
[ 4, 6, 7, 5, 2, 1, 3, 0 ]
[ 4, 6, 7, 5, 2, 1, 0, 3 ]
[ 4, 6, 7, 5, 2, 3, 1, 0 ]
[ 4, 6, 7, 2, 5, 1, 3, 0 ]
[ 4, 6, 7, 2, 5, 1, 0, 3 ]
[ 4, 6, 7, 2, 5, 3, 1, 0 ]
[ 4, 6, 7, 2, 1, 5, 3, 0 ]
[ 4, 6, 7, 2, 1, 5, 0, 3 ]
[ 4, 6, 7, 2, 1, 3, 5, 0 ]
[ 4, 6, 7, 2, 1, 3, 0, 5 ]
[ 4, 6, 7, 2, 1, 0, 3, 5 ]
[ 4, 6, 7, 2, 1, 0, 5, 3 ]
[ 4, 6, 7, 2, 3, 1, 5, 0 ]
[ 4, 6, 7, 2, 3, 1, 0, 5 ]
[ 4, 6, 7, 2, 3, 5, 1, 0 ]
> [ 3, 2, 1, 0 ]
> [ 3, 4, 5, 6 ]
> [ 11, 10, 15, 7, 17 ]
[ 11, 10, 15, 17, 7 ]
[ 11, 10, 7, 15, 17 ]
[ 11, 15, 10, 17, 7 ]
[ 11, 15, 10, 7, 17 ]
[ 11, 15, 17, 10, 7 ]
> [ 2, 1, 4, 3 ]
[ 2, 4, 1, 3 ]
[ 2, 4, 3, 1 ]
> 