1
5
3

1
5
10

1
5
5

2
3 6
0

2
3 6
3

2
3 6
5

2
3 6
6

2
3 6
12

3
3 6 10
2

3
3 6 10
8

3
3 6 10
10

3
3 6 10
3

3
3 6 10
0

3
3 6 10
100

3
3 6 10
6

8
3 6 10 13 22 38 94 100
94

8
3 6 10 13 22 38 94 100
100

8
3 6 10 13 22 38 94 100
120

8
3 6 10 13 22 38 94 100
3

8
3 6 10 13 22 38 94 100
0

8
3 6 10 13 22 38 94 100
6

8
3 6 10 13 22 38 94 100
38

8
3 6 10 13 22 38 94 100
22

8
3 6 10 13 22 38 94 100
13

8
3 6 10 13 22 38 94 100
10

8
3 6 10 13 22 38 94 100
40

8
3 6 10 13 22 38 94 100
11

27
1 20 33 45 56 98 100 120 122 987 1004 1025 2048 4096 5555 10000 10500 10600 10700 10800 10900 11000 12000 13000 14000 15000 16000
20

27
1 20 33 45 56 98 100 120 122 987 1004 1025 2048 4096 5555 10000 10500 10600 10700 10800 10900 11000 12000 13000 14000 15000 16000
120

27
1 20 33 45 56 98 100 120 122 987 1004 1025 2048 4096 5555 10000 10500 10600 10700 10800 10900 11000 12000 13000 14000 15000 16000
12000

27
1 20 33 45 56 98 100 120 122 987 1004 1025 2048 4096 5555 10000 10500 10600 10700 10800 10900 11000 12000 13000 14000 15000 16000
10850

31
1 20 33 45 56 98 100 120 122 987 1004 1025 2048 4096 5555 10000 10500 10600 10700 10800 10900 11000 12000 13000 14000 15000 16000 17000 18000 19000 20000
20000

31
1 20 33 45 56 98 100 120 122 987 1004 1025 2048 4096 5555 10000 10500 10600 10700 10800 10900 11000 12000 13000 14000 15000 16000 17000 18000 19000 20000
1

31
1 20 33 45 56 98 100 120 122 987 1004 1025 2048 4096 5555 10000 10500 10600 10700 10800 10900 11000 12000 13000 14000 15000 16000 17000 18000 19000 20000
100000

31
1 20 33 45 56 98 100 120 122 987 1004 1025 2048 4096 5555 10000 10500 10600 10700 10800 10900 11000 12000 13000 14000 15000 16000 17000 18000 19000 20000
56

31
1 20 33 45 56 98 100 120 122 987 1004 1025 2048 4096 5555 10000 10500 10600 10700 10800 10900 11000 12000 13000 14000 15000 16000 17000 18000 19000 20000
65

31
1 20 33 45 56 98 100 120 122 987 1004 1025 2048 4096 5555 10000 10500 10600 10700 10800 10900 11000 12000 13000 14000 15000 16000 17000 18000 19000 20000
14000

33
1 20 33 45 56 98 100 120 122 987 1004 1025 2048 4096 5555 10000 10500 10600 10700 10800 10900 11000 12000 13000 14000 15000 16000 17000 18000 19000 20000 30000 40000
14000

33
1 20 33 45 56 98 100 120 122 987 1004 1025 2048 4096 5555 10000 10500 10600 10700 10800 10900 11000 12000 13000 14000 15000 16000 17000 18000 19000 20000 30000 40000
98

33
1 20 33 45 56 98 100 120 122 987 1004 1025 2048 4096 5555 10000 10500 10600 10700 10800 10900 11000 12000 13000 14000 15000 16000 17000 18000 19000 20000 30000 40000
18000

33
1 20 33 45 56 98 100 120 122 987 1004 1025 2048 4096 5555 10000 10500 10600 10700 10800 10900 11000 12000 13000 14000 15000 16000 17000 18000 19000 20000 30000 40000
10600

33
1 20 33 45 56 98 100 120 122 987 1004 1025 2048 4096 5555 10000 10500 10600 10700 10800 10900 11000 12000 13000 14000 15000 16000 17000 18000 19000 20000 30000 40000
10701
