2
0 0
1
2

10
56 15 47 43 67 31 1 62 32 2
95 22 43 81 85 10 97 43 43
37 61 90 74 75 34 92 72 96

10
55 59 59 27 27 79 13 35 45 65
29 60 86 30 61 35 17 43 80
76 4 20 86 98 64 54 14 88

13
6 42 45 60 95 37 1 7 9 56 28 41 75
44 27 29 79 13 69 82 50 97 85 58 46
11 38 89 39 4 91 96 46 35 55 40 24

20
27 3 80 3 87 85 24 32 100 20 2 39 35 95 58 77 18 56 65 95
62 28 11 35 76 32 6 21 47 36 43 73 90 74 27 77 58 51 60
58 70 62 96 56 8 5 85 26 60 1 72 74 29 83 60 4 14 65

14
27 31 35 47 6 1 56 21 96 55 50 69 89 5
98 65 84 46 8 75 21 62 8 46 44 15 26
71 44 14 86 71 96 72 69 53 73 76 73 20

20
43 21 53 37 47 42 13 47 35 32 64 20 22 78 21 89 41 11 46 29
47 38 34 77 86 83 59 4 71 34 54 14 6 58 2 53 51 67 51
85 98 66 57 72 95 29 60 36 39 57 16 38 95 50 14 80 84 24

6
98 16 87 52 38 52
75 88 77 71 93
16 61 29 19 37

1672
159 627 324 162 998 154 268 413 194 731 103 202 590 843 443 818 696 583 473 569 374 430 884 35 943 965 976 453 726 262 465 885 240 788 46 238 941 666 650 486 748 105 39 337 299 482 506 347 64 330 915 438 111 150 824 54 115 799 506 192 412 970 76 652 109 474 889 401 491 890 238 238 346 277 926 645 110 432 343 173 113 257 962 224 759 785 277 225 936 134 416 347 455 492 998 915 317 238 315 807 480 552 44 825 180 969 821 289 752 163 462 865 772 775 88 882 912 716 106 847 849 521 545 655 364 895 569 680 132 235 838 963 138 881 788 318 202 960 606 953 123 419 817 246 194 904 127 457 971 232 303 171 104 199 825 820 93 745 851 225 979 689 187 117 921 326 786 122 286 391 75 760 810 243 5 355 499 131 811 469 714 465 640 817 663 816 988 756 561 839 332 891 527 870 359 447 548 144 921 833 535 995 944 696 589 948 402 87 430 564 556 495 28 547 663 42 362 651 149 274 489 832 165 367 702 523 165 249 667 85 433 553 431 728 248 20 675 1 106 456 564 13 302 943 559 964 984 921 966 485 194 454 316 710 172 17 585 337 617 251 421 401 155 852 128 754 871 154 754 328 961 317 341 262 611 251 578 594 171 543 430 717 349 746 778 520 114 362 856 83 964 277 483 470 480 963 223 702 116 976 29 429 644 721 690 254 972 619 200 494 162 629 562 510 726 692 381 840 53 237 922 369 865 756 838 696 718 61 397 186 388 777 614 384 498 655 989 821 274 188 666 435 169 228 296 246 919 28 85 323 616 358 691 480 466 881 527 535 941 923 720 680 52 685 63 549 340 404 721 965 591 386 751 111 965 398 357 883 425 793 558 41 503 248 872 968 480 399 502 420 673 574 452 724 610 866 624 301 269 344 265 212 82 15 322 46 764 30 929 189 823 838 229 677 437 100 644 917 498 497 336 171 422 139 246 32 5 870 332 273 213 949 484 294 315 806 340 79 187 620 267 361 809 495 37 245 946 680 161 796 529 849 318 950 987 563 981 991 432 665 264 997 613 747 642 927 904 333 5 443 304 271 803 112 117 840 357 415 871 517 562 399 365 879 349 352 793 681 694 577 345 957 925 309 56 566 236 311 251 592 753 554 215 908 18 683 747 374 97 969 242 10 368 959 888 68 662 33 100 355 609 797 664 533 105 719 450 692 381 700 636 486 606 850 393 975 884 491 348 981 459 941 342 178 899 230 597 912 614 49 267 222 845 930 106 301 1000 907 345 380 607 980 865 564 181 609 538 64 99 237 396 558 529 738 87 780 319 684 691 932 84 957 505 928 238 610 580 237 516 924 969 474 255 833 389 435 442 926 851 892 514 246 801 43 983 888 822 653 923 512 584 6 821 88 285 58 49 864 295 917 140 263 390 394 447 131 181 240 56 31 132 922 628 284 964 963 171 785 615 445 648 551 802 468 638 86 526 39 302 172 955 793 434 696 538 232 826 718 472 234 100 955 155 728 590 118 42 761 254 656 557 901 206 359 721 196 796 246 234 449 417 540 241 202 235 131 785 61 200 608 646 300 562 800 379 152 269 420 264 874 427 172 774 985 882 846 180 30 91 765 830 859 304 71 412 538 553 197 950 752 804 595 51 718 746 781 221 14 552 836 239 331 7 13 315 241 858 494 622 301 258 451 511 561 521 923 450 425 471 752 177 274 698 579 343 444 360 563 809 263 750 48 593 109 412 259 349 621 752 970 273 361 420 784 273 293 58 75 717 528 826 893 153 523 824 848 318 535 410 127 797 160 526 742 620 289 1000 968 909 104 289 534 816 60 317 441 352 726 515 421 605 340 665 109 214 488 956 532 22 718 10 171 229 535 264 848 175 615 815 83 718 455 616 886 514 284 326 218 361 840 990 965 531 6 426 744 494 381 275 867 98 636 389 326 170 652 173 344 267 339 779 336 145 746 573 659 382 898 228 742 89 569 59 619 574 836 715 419 216 341 286 666 977 26 991 498 678 516 194 296 206 972 983 351 69 556 361 450 453 940 544 894 508 954 512 81 789 578 500 356 919 137 21 895 162 364 392 191 231 585 838 436 908 821 138 329 376 498 778 180 437 673 73 296 978 937 377 118 866 876 826 784 364 198 30 877 561 774 68 143 710 257 931 618 77 68 946 804 918 75 336 706 100 408 2 429 696 730 547 562 605 372 697 320 569 727 196 482 500 263 624 209 872 906 178 948 974 475 104 243 550 439 300 1 198 301 429 894 30 327 807 986 698 503 305 619 229 501 100 80 115 75 641 986 981 818 286 306 293 389 900 194 179 199 546 376 500 974 621 881 301 779 219 350 282 523 968 862 375 419 294 842 846 934 179 178 751 464 835 395 204 734 940 382 932 485 110 783 459 82 16 111 861 234 460 142 108 780 355 483 550 648 676 747 581 854 924 684 318 758 430 873 491 370 607 775 854 68 557 312 149 572 422 9 157 234 502 265 13 857 99 914 856 774 661 789 979 584 472 648 694 901 521 536 622 479 662 476 546 219 787 694 142 561 55 299 794 908 915 158 116 13 423 972 138 83 112 116 19 935 764 64 187 636 599 809 114 261 284 659 831 70 704 324 982 110 974 127 18 888 636 133 252 59 456 389 141 567 857 511 501 972 574 688 607 525 496 720 785 779 730 967 200 785 290 182 895 264 660 264 503 296 396 755 354 852 495 846 770 703 709 271 674 282 958 280 806 805 351 942 935 432 908 134 569 550 667 463 813 679 726 315 974 473 421 679 676 916 876 446 618 584 68 644 218 377 275 23 181 978 317 115 409 576 600 977 125 619 791 289 297 868 604 622 693 376 300 368 643 175 165 261 111 232 256 328 608 530 702 788 507 370 254 268 946 206 596 70 824 739 359 472 606 314 93 650 689 392 18 332 918 534 944 380 766 199 707 373 80 761 513 587 130 118 206 75 323 801 497 498 539 855 969 497 520 61 146 208 452 515 891 722 49 186 101 166 736 160 890 816 920 402 754 401 872 959 476 546 111 972 44 650 178 12 146 697 73 643 256 876 158 499 949 558 684 50 723 420 209 612 587 128 366 692 880 237 2 355 782 112 678 177 761 207 189 258 255 613 901 511 840 410 9 789 967 44 838 689 815 398 652 753 877 17 444 756 605 445 463 739 557 140 915 669 699 455 279 953 419 179 815 259 940 823 47 906 219 236 946 33 633 597 786 509 614 581 616 570 26 78 308 934 570 575 954 268 29 232 572 800 762 387 58 701 209 456 606 779 43 551 812 675 148 949 535 113 529 150 34 554 228 694 839 149 268 793 416 648 24 987 447 786 373 856 838 934 311 444 712 353 346 875 379 845 823 913 309 352 415 343 257 994 36 96 142 655 888 909 302 263 247 101 400 620 956 238 905 267 33 968 971 378 843 350 575 17 614 883 368 28 577 977 373 964 72 866 618 311 774 272 925 21 372 325 992 679 914 896 297 946 215 268 675 409 617 601 426 582 484 145 962 412 121 334 728 544 200 697 206 325 968 131 345 691 807 336 722 720 583 18 17 798 285 691 206 253 292 983 835 127 480 796 890 600 481 617 496 32 314 701 357 633 183 701 324 989 37 45 60 971 62 76 120 699 767 678 951 410 660 785 536 139 932 777 91 413 394 586 444 707 638 800 691 821 853 14 161 241 410 221 211 824 296 331 874 414 8 824 823 19 961 710 158 244 487 600 656 880 537 452 938 174 603 628 346 807 994 859 47 755 79 258 930 726 940 803 140 947 979 962 317 291
24 474 534 510 425 542 741 961 993 30 135 947 9 832 754 354 690 800 461 120 409 390 846 700 545 985 998 875 298 315 165 673 140 698 182 565 239 274 525 583 655 11 882 664 843 635 17 884 786 829 4 547 219 201 246 115 537 244 989 186 910 153 859 49 202 392 613 441 666 138 375 672 500 256 335 342 242 704 578 380 532 933 926 102 133 523 216 669 118 556 854 27 60 712 76 262 456 688 702 473 177 428 144 677 684 479 370 925 534 299 304 65 231 581 519 363 456 86 31 573 642 237 952 701 300 27 314 755 66 367 227 595 795 371 623 478 201 344 754 734 643 410 150 873 342 20 588 797 106 618 722 99 206 673 151 506 51 465 260 468 831 839 62 977 209 36 806 761 380 560 494 22 321 995 246 14 15 833 811 472 803 884 570 8 908 720 513 958 536 125 777 367 315 191 343 523 226 149 635 957 60 128 978 732 474 576 745 488 408 907 311 210 790 880 218 697 600 82 6 135 558 783 853 872 325 548 746 902 48 732 859 459 859 836 190 685 411 286 524 171 193 835 380 982 714 949 31 665 383 388 152 292 522 356 516 846 903 613 748 302 345 606 760 555 793 301 239 556 587 115 726 779 949 457 112 14 406 494 679 140 882 182 431 403 537 298 249 792 911 348 445 255 953 205 161 97 857 400 652 443 514 729 573 814 186 685 827 943 178 857 434 411 38 216 814 927 514 414 70 776 761 514 30 65 70 542 161 927 941 165 721 806 893 646 971 78 330 798 372 859 6 805 270 396 21 435 322 534 848 743 309 608 608 690 672 678 231 184 956 524 348 28 681 241 673 652 670 354 801 42 565 806 846 186 201 218 620 874 751 467 616 411 426 576 452 449 253 683 632 560 558 980 587 590 220 612 241 241 965 393 282 529 199 480 714 751 697 685 625 800 151 592 562 928 167 14 376 771 48 8 682 957 339 269 546 910 232 139 150 196 531 784 77 81 263 142 832 311 827 808 462 329 399 24 257 918 389 632 688 436 991 370 392 329 990 289 590 573 427 740 768 310 523 196 390 137 338 573 799 516 380 261 844 131 636 100 400 24 84 87 459 426 808 202 107 149 490 696 721 269 435 841 578 309 36 967 797 725 892 596 240 623 208 84 753 843 535 152 218 970 591 28 396 750 229 502 899 70 197 619 338 984 459 915 644 847 234 441 571 125 388 163 747 595 598 852 789 132 355 6 454 297 33 849 47 613 702 297 682 250 267 20 233 78 286 229 924 519 669 846 995 56 8 742 2 957 945 142 89 651 147 894 300 531 742 346 143 795 994 176 44 260 195 629 337 833 857 612 351 877 458 346 284 817 439 285 774 735 426 214 385 924 107 684 806 200 381 948 346 374 475 389 986 22 369 322 854 577 934 204 453 743 901 736 559 339 372 684 73 149 897 810 424 355 845 229 906 578 528 251 303 3 640 288 24 360 610 229 937 543 432 389 285 685 477 195 23 200 879 448 701 127 609 124 482 805 705 387 382 232 990 685 586 981 972 961 340 581 189 276 475 973 17 111 657 845 658 31 396 888 830 96 14 438 572 847 243 276 586 976 859 575 660 797 555 632 757 894 564 298 522 391 270 890 853 278 86 510 308 481 749 138 929 763 927 500 609 521 127 194 497 337 120 156 133 674 139 242 920 55 539 793 797 160 34 649 789 119 511 96 951 259 585 879 373 864 730 982 384 208 527 232 545 999 740 29 24 230 622 943 284 512 87 432 23 120 81 811 590 943 907 541 553 843 771 926 706 501 259 442 60 137 25 956 135 116 985 159 346 958 453 981 470 540 413 492 11 845 303 601 139 561 493 691 403 263 968 461 115 226 254 175 715 630 130 849 746 466 359 443 424 812 423 245 703 187 88 713 31 390 665 521 302 157 212 705 420 531 517 886 757 122 60 823 751 542 671 848 359 382 290 134 193 713 378 247 251 818 311 282 207 976 802 509 132 365 565 903 896 433 141 4 906 200 826 8 93 848 856 452 229 145 937 773 209 315 19 460 132 330 93 690 657 246 550 140 611 466 43 858 250 535 213 155 734 38 163 179 237 370 982 466 514 918 590 75 584 609 534 67 290 626 757 946 223 658 437 833 476 831 42 725 365 254 232 451 643 394 629 880 763 610 697 628 879 286 702 463 246 587 529 535 564 637 832 787 647 269 971 122 99 13 198 464 618 429 266 261 822 894 140 936 855 836 916 733 121 617 547 719 556 76 253 119 64 437 905 710 57 876 183 507 240 381 322 857 809 587 469 983 480 608 270 686 795 185 419 268 154 317 986 709 392 590 827 808 378 84 869 434 311 52 941 550 432 262 758 240 849 227 574 680 186 844 366 981 28 136 600 181 452 937 241 196 526 420 3 904 503 223 689 813 274 981 714 705 595 471 297 443 49 870 474 235 713 191 567 93 678 166 625 130 454 866 677 979 285 31 234 139 253 275 303 527 255 16 583 849 838 231 643 887 453 117 473 165 659 39 609 337 556 234 818 9 451 494 339 87 876 573 225 128 847 879 6 453 894 941 302 83 171 944 969 975 412 441 492 423 831 100 759 386 685 928 394 135 773 733 573 648 657 149 127 855 27 485 307 272 425 608 355 947 904 675 922 667 468 413 89 298 864 199 684 549 126 429 683 898 513 608 897 521 756 24 375 783 508 682 54 932 641 760 230 896 435 503 563 902 915 3 551 779 202 586 327 327 15 361 577 879 968 473 400 76 496 774 858 3 807 263 286 800 375 868 695 809 370 257 62 637 260 612 767 813 198 445 139 564 805 67 794 125 540 193 552 387 319 409 742 125 23 379 276 397 246 971 557 968 579 618 604 190 582 370 2 131 814 493 694 970 559 487 446 450 32 997 837 350 757 578 826 132 956 102 880 202 424 437 521 2 406 124 544 987 845 545 117 10 389 162 331 948 1 777 397 32 125 585 733 234 162 910 365 470 363 244 23 786 32 543 140 438 18 683 424 862 227 893 871 968 406 201 915 406 329 663 789 806 600 873 39 761 783 755 230 497 998 252 283 382 146 422 819 163 456 594 24 34 838 246 1 244 799 267 1 479 930 790 284 529 14 322 641 148 76 223 645 426 826 927 807 972 700 977 134 507 570 510 540 408 755 541 3 905 807 3 384 88 144 667 968 158 341 609 305 768 183 949 545 8 227 351 979 278 679 113 784 249 622 676 8 728 216 362 633 374 364 368 462 508 386 781 17 78 389 321 846 571 622 390 931 200 93 909 478 771 21 613 371 994 288 730 722 855 91 706 581 807 425 394 666 810 174 682 888 915 354 85 837 327 474 767 527 918 676 356 689 48 320 411 42 960 141 115 814 583 172 746 389 596 139 54 405 313 735 644 227 441 728 63 767 202 830 293 471 505 1000 511 904 320 922 945 279 414 411 444 996 934 190 385 529 328 790 286 640 525 929 218 317 657 633 83 210 462 728 32 318 727 543 221 398 464 518 676 229 280 472 224 214 661 960 94 340 750 379 332 626 308 549 942 316 181 24 877 994 103 908 663 182 802 884 579 617 753 607 845 384 78 421 597 90 380 691 429 481 421 760 106 80 661 47 395 193 423 623 187 525 883 849 706 684 84 637 301 188 243 497 572 672 917 520 761 649 562 189 129 983 301 235 62 313 281 809 505 55 431 691 932 665 892 989 701 327 625 353 515 219 849 86 890 766 605 650 766 167 191 894 501 843 128 562 155 761 370 659 815 153 702 98 817 945 87 869 271 711 221 785 930 70 222 819
187 827 821 952 345 363 845 197 205 325 758 711 85 480 369 251 632 422 349 800 366 435 669 637 497 889 421 778 310 643 949 848 821 769 799 517 483 996 713 687 320 822 397 756 301 117 6 284 539 706 436 904 492 104 892 989 344 665 766 6 307 714 853 479 834 4 347 316 999 411 354 318 232 102 73 885 219 430 168 109 136 603 364 979 58 256 967 754 920 85 111 578 150 963 408 984 966 754 651 316 164 5 985 747 106 409 631 676 839 799 784 326 753 148 304 163 403 623 268 674 707 378 251 856 692 10 191 10 763 194 325 278 550 310 24 7 718 655 683 908 805 466 233 909 965 889 71 719 511 338 392 217 67 994 424 759 3 967 768 765 160 92 394 709 753 418 715 471 72 397 730 876 215 963 136 179 851 207 898 713 896 641 929 963 635 704 73 989 670 840 106 829 283 499 889 36 916 604 858 339 352 587 214 918 901 702 449 103 908 698 815 155 338 95 117 324 799 541 313 820 380 418 1 15 268 889 402 184 844 259 522 548 197 88 465 450 789 265 552 48 962 367 202 652 813 671 327 963 211 991 783 943 760 783 957 28 23 358 211 867 968 84 766 516 171 230 965 311 847 517 358 808 235 912 811 47 582 138 10 144 480 144 86 240 278 42 267 300 751 829 518 70 264 283 586 435 865 550 97 711 66 807 870 652 718 33 699 299 522 60 794 1 203 880 240 480 273 858 131 24 38 1 445 302 635 30 88 499 580 184 561 997 990 431 649 59 815 699 709 336 758 503 336 312 382 928 143 654 785 273 29 823 625 474 124 260 855 211 758 434 746 671 783 88 453 431 146 267 481 855 602 238 357 289 549 90 216 43 743 353 315 124 527 292 949 2 551 803 564 660 589 309 330 371 748 782 153 894 400 633 748 1 222 456 642 122 545 209 164 639 561 830 114 439 121 62 792 671 217 355 683 805 16 12 527 763 146 31 8 545 15 755 898 236 562 539 357 106 747 872 97 660 701 210 450 174 624 242 196 840 948 878 996 963 890 874 78 35 256 85 931 270 192 828 857 753 366 213 211 465 436 307 476 136 868 925 661 491 166 857 682 114 734 29 428 975 902 857 361 157 942 292 778 133 119 634 237 837 198 447 301 633 753 776 121 973 700 781 463 218 637 497 683 371 525 462 345 779 319 58 287 260 349 65 744 467 698 980 303 896 427 955 880 531 82 1000 503 782 133 318 351 769 814 385 491 338 846 188 116 164 245 755 775 593 819 518 411 868 498 66 115 276 20 995 806 102 346 661 235 478 978 937 247 143 321 89 832 166 276 300 330 872 54 104 464 872 974 227 739 471 292 854 98 663 200 255 116 545 915 350 23 244 638 621 738 958 709 570 124 337 869 805 208 274 260 24 145 233 250 235 55 893 440 504 555 639 759 671 536 25 372 558 621 10 530 358 319 238 279 442 926 499 598 486 772 210 509 268 442 110 855 849 354 294 352 908 285 462 930 820 487 654 729 107 15 258 816 333 847 447 127 773 945 76 258 69 285 118 336 79 579 542 927 932 836 630 191 472 92 473 291 930 126 19 388 492 628 555 824 474 1 302 598 298 378 855 366 662 324 53 740 902 595 18 833 782 1000 24 605 443 848 895 372 973 265 111 464 892 665 639 717 18 941 315 315 318 521 680 979 845 84 71 98 30 440 931 811 439 306 415 881 505 661 604 477 277 66 292 520 731 930 237 748 222 903 414 891 423 93 222 619 528 292 717 558 731 999 720 522 656 135 754 160 147 710 988 424 775 279 943 857 560 531 956 782 433 369 24 856 813 245 826 341 536 542 898 619 540 617 492 195 103 245 706 602 954 693 377 81 971 319 937 883 202 245 16 986 613 39 193 778 284 19 118 171 560 367 789 452 335 632 998 790 877 704 391 182 396 767 262 719 437 551 953 990 147 968 976 759 358 168 888 641 186 5 812 746 723 952 549 410 584 546 551 812 249 941 993 997 59 607 715 847 509 667 837 655 986 164 765 343 331 653 336 517 9 499 614 84 450 162 845 385 707 395 548 308 687 893 304 745 851 370 943 359 388 131 365 373 294 481 67 977 485 402 493 846 900 458 929 702 971 773 438 29 167 986 688 853 878 991 949 728 712 243 438 99 374 154 823 667 634 242 643 471 995 487 316 895 296 244 948 618 368 385 647 886 722 686 90 951 29 390 30 740 632 819 191 5 972 365 24 958 606 18 428 601 857 743 847 504 338 794 122 57 530 120 294 604 805 383 554 833 124 584 925 755 754 115 112 726 479 487 35 437 856 462 37 64 556 883 568 245 28 41 653 909 160 946 512 316 680 66 501 803 1 425 909 754 891 372 831 369 210 865 805 66 678 193 129 585 427 48 829 806 88 481 715 247 778 226 915 457 643 415 611 995 191 872 101 81 595 931 801 805 148 958 222 825 150 350 410 929 398 590 734 485 423 448 84 200 26 350 9 20 764 971 15 954 842 115 386 437 397 186 593 544 143 814 721 645 515 130 573 264 71 306 101 493 106 536 45 483 885 53 502 648 23 868 953 217 334 338 5 83 875 949 626 18 762 346 662 628 827 586 892 898 243 992 742 348 527 786 182 411 190 36 410 565 255 714 133 589 403 137 671 277 85 648 294 198 346 307 825 172 892 716 421 135 59 515 834 937 300 368 699 842 403 108 406 657 173 538 597 575 26 619 852 462 267 497 659 612 156 483 135 47 551 908 533 961 422 719 898 73 86 596 266 840 56 671 496 228 560 445 155 585 63 6 46 681 854 704 644 361 539 131 760 441 390 292 401 811 362 298 235 447 894 501 286 301 523 134 880 435 578 34 19 992 391 417 25 245 472 20 605 362 150 364 802 891 8 203 701 369 852 288 168 97 140 453 397 14 586 277 448 515 310 819 859 701 235 235 297 706 254 253 68 756 969 221 646 976 423 699 696 275 338 863 371 829 316 768 842 253 396 642 120 705 460 330 757 46 564 53 751 169 658 170 276 626 391 274 601 165 972 648 439 661 511 162 489 178 929 682 430 676 323 901 732 134 230 489 179 145 893 282 314 550 451 941 175 193 214 127 358 537 775 148 197 285 309 37 462 589 71 243 264 393 144 996 879 725 484 409 870 728 690 535 278 493 827 804 685 41 931 394 577 57 542 126 341 850 162 154 791 232 748 54 977 243 401 207 968 236 615 189 964 305 723 593 149 549 396 833 941 326 579 870 734 120 995 74 321 508 579 111 92 679 517 420 921 269 626 888 505 592 76 820 896 150 412 44 51 807 229 991 485 807 860 218 278 206 644 950 714 574 413 805 252 281 576 173 549 201 412 53 792 488 224 40 637 635 435 39 794 15 30 278 821 241 847 450 447 842 752 160 416 164 316 19 444 891 191 344 443 603 749 586 442 972 977 430 607 412 469 400 426 850 29 599 90 227 400 536 421 151 47 188 314 362 206 109 604 749 805 398 703 553 984 144 524 960 925 482 723 393 233 149 594 613 99 684 840 498 219 260 649 266 447 314 979 4 775 935 752 579 332 806 131 667 301 6 627 226 488 701 970 720 849 564 685 299 247 876 797 817 135 797 434 933 462 765 288 236 699 392 166 382 197 648 49 498 654 27 75 493 727 44 564 928 959 248 226 557 123 374 374 609 170 159 893 632 923 181 219 973 572 737 355 768 384 403 617 37 429 691 529 155 735 93 82 45 692 660 602 815 33 327 423 555 485 316 538 408 496 108 732 419 844 86 186 228 488 803 616 916 845 145 423 931

3544
10 10 7 2 8 8 6 6 10 1 5 4 2 10 6 4 2 9 2 1 7 3 6 5 2 1 9 2 9 5 5 10 6 1 1 6 1 8 3 2 1 7 7 4 6 4 10 8 3 1 8 1 5 4 5 8 6 4 10 6 10 6 5 5 6 6 2 8 5 4 9 5 10 7 1 8 1 10 5 5 2 4 5 6 7 9 5 4 2 6 9 1 1 4 8 9 1 1 6 5 5 7 2 6 3 4 3 3 3 9 9 4 3 3 1 1 4 7 5 7 3 5 10 3 8 7 1 8 9 7 5 5 5 8 1 7 1 5 2 3 6 10 8 10 5 8 10 8 4 6 4 8 1 3 1 10 1 3 8 2 1 4 6 5 3 8 2 3 5 5 7 10 4 4 9 10 3 10 7 8 8 3 6 8 7 8 7 10 10 6 1 1 1 8 7 3 8 10 7 2 4 3 3 8 8 1 9 2 2 6 2 9 10 9 8 6 6 7 7 7 2 7 9 5 7 6 7 4 5 6 7 9 10 9 8 10 1 8 1 2 3 4 1 2 2 10 10 9 6 6 6 10 5 6 4 3 1 2 6 8 7 2 8 9 2 7 8 2 4 8 3 9 2 5 2 5 5 3 4 2 9 9 1 5 6 4 7 7 8 4 6 6 7 5 4 8 1 1 9 6 1 3 6 4 8 8 8 4 10 1 5 10 1 8 6 7 3 2 5 10 7 2 6 3 6 1 10 8 2 8 5 2 1 1 5 10 8 4 5 9 5 1 9 5 8 4 3 1 8 7 10 4 8 7 9 5 10 8 2 1 6 7 4 8 7 10 7 6 3 3 4 9 3 4 6 1 10 8 1 9 7 2 4 6 1 2 1 10 10 4 2 7 10 7 4 8 6 2 3 10 4 9 9 6 2 4 8 3 3 8 1 9 2 5 5 2 6 7 3 7 10 4 3 10 10 8 9 7 1 4 6 4 2 6 2 5 9 9 8 4 9 10 2 10 4 8 1 2 4 3 10 4 8 5 5 7 2 5 5 3 8 10 8 9 8 9 6 6 10 3 1 8 4 3 7 8 2 9 1 6 1 2 1 10 6 7 8 8 1 2 2 9 1 9 9 10 10 4 8 9 8 8 6 2 10 4 1 2 2 3 9 4 4 1 3 10 7 10 9 7 1 10 7 3 10 6 3 9 1 10 9 9 9 4 2 9 9 2 2 10 6 2 3 9 2 7 10 8 8 8 6 8 7 3 3 7 10 7 7 10 8 6 8 6 1 9 6 10 2 9 9 7 10 4 6 3 2 7 2 10 5 8 7 3 2 1 1 1 7 8 10 4 3 10 2 5 10 7 4 2 6 5 10 5 8 7 10 9 4 1 8 8 8 7 10 1 9 1 1 6 8 3 1 2 2 4 6 3 1 2 4 6 6 4 2 5 10 1 3 3 2 3 2 1 1 2 4 9 2 6 6 1 8 9 4 1 2 1 4 4 2 9 9 7 4 3 1 4 3 6 8 6 10 10 9 10 3 4 10 4 9 8 6 9 8 1 1 9 1 6 3 3 5 3 1 8 5 4 3 10 1 3 7 10 2 7 1 4 10 2 9 1 9 6 9 8 6 9 7 8 5 1 10 1 5 3 10 2 8 5 1 8 7 9 9 10 8 1 5 9 2 5 9 3 10 7 10 7 8 8 4 4 10 6 4 5 10 3 6 7 7 8 6 5 8 4 4 5 4 8 4 7 2 2 1 3 1 1 9 8 10 5 1 10 2 6 4 1 8 1 7 7 8 2 1 5 7 5 10 2 4 5 8 8 8 1 10 10 1 1 7 2 7 9 1 8 6 4 8 6 4 6 2 3 9 4 8 5 10 9 8 4 5 7 3 2 7 2 2 9 4 10 1 10 1 1 9 8 7 6 3 2 3 6 7 1 10 4 7 1 4 4 6 10 3 8 3 9 2 6 8 5 8 10 7 10 2 5 7 8 3 10 2 5 7 8 6 6 3 4 9 8 10 4 7 2 2 9 10 3 5 9 9 4 8 7 3 2 4 9 9 6 10 2 2 7 1 9 4 3 3 2 10 2 6 8 3 9 9 4 1 5 5 1 8 4 8 10 5 1 8 6 8 8 7 9 4 8 8 7 2 2 1 2 3 6 1 7 4 9 10 6 3 4 6 10 10 5 9 4 7 9 9 6 8 8 7 3 5 4 1 6 7 1 9 9 6 10 7 1 10 8 8 3 4 6 4 3 10 5 6 9 5 7 6 2 4 2 4 8 7 6 5 3 7 6 3 4 7 9 7 6 7 4 10 10 9 6 2 1 10 9 9 4 5 6 7 8 8 10 7 4 7 4 9 3 9 1 9 7 2 5 4 8 8 4 9 9 9 2 9 10 10 9 5 7 4 1 6 1 2 3 7 8 8 5 3 8 5 1 4 6 7 7 5 6 2 5 4 2 6 2 1 8 10 7 6 4 7 1 6 8 5 2 8 2 6 10 9 3 10 4 10 8 1 7 3 4 1 7 6 9 10 8 8 2 5 3 7 1 5 2 1 10 6 8 3 3 7 2 7 8 7 7 5 9 5 7 3 5 5 10 5 5 7 2 6 1 6 2 4 1 5 6 10 10 3 2 3 1 5 9 8 4 7 4 2 1 2 4 8 7 3 4 3 2 8 10 4 3 3 9 3 7 4 4 9 6 6 3 6 2 3 5 5 10 8 9 2 10 4 1 8 7 5 10 10 2 1 3 4 3 2 9 1 7 2 9 3 9 3 10 3 6 7 9 7 4 7 8 5 1 1 2 9 7 3 8 8 5 2 3 7 5 3 10 2 5 10 6 5 3 5 7 10 3 6 6 9 4 5 3 4 7 7 4 3 1 3 2 6 5 5 4 9 9 5 2 3 5 7 10 9 4 8 8 6 5 5 4 9 9 9 4 6 5 8 10 7 10 2 4 6 6 8 5 6 2 8 1 8 5 10 6 10 7 5 7 2 9 1 2 10 1 5 5 7 2 4 3 4 7 7 9 2 6 5 10 9 3 10 7 9 9 4 8 5 9 4 8 7 6 9 6 8 4 2 4 7 8 9 2 4 7 1 8 2 7 7 2 9 6 10 9 6 4 8 2 4 4 10 10 9 10 8 9 5 1 2 4 10 10 5 6 6 7 3 9 4 1 1 4 8 10 3 3 5 2 6 8 5 5 8 6 7 7 4 1 9 5 6 9 7 1 4 2 9 8 1 2 10 3 8 7 2 2 1 7 3 6 4 8 3 3 3 1 1 8 3 10 2 9 10 8 1 5 2 9 4 4 3 3 6 10 1 9 3 3 5 5 8 1 4 2 5 8 4 8 5 7 9 7 5 8 6 7 4 7 5 7 2 9 9 7 10 1 6 2 3 2 9 2 4 2 4 9 10 7 6 4 5 4 2 9 3 10 5 6 6 2 2 8 2 2 6 2 2 1 5 4 5 3 5 8 7 10 6 6 9 3 1 3 8 3 4 10 2 10 5 9 3 6 8 5 9 6 6 10 8 10 3 2 5 8 10 1 9 7 8 7 2 8 2 9 2 5 9 5 6 5 6 9 3 5 3 1 10 8 1 8 9 3 1 3 2 2 5 3 1 2 9 2 10 2 10 3 8 10 8 4 5 5 2 7 9 4 7 9 3 7 8 3 2 10 8 5 4 2 7 4 4 8 7 5 9 6 7 7 8 6 10 2 10 3 10 1 6 8 1 10 7 8 2 8 9 9 4 2 1 1 5 6 8 1 10 8 9 8 6 8 6 7 1 7 9 10 7 4 7 7 3 3 6 7 2 5 5 6 8 5 6 3 2 5 5 3 4 5 1 10 2 8 6 2 4 5 3 1 10 10 9 5 4 5 1 8 1 5 3 8 2 10 2 3 4 9 8 9 3 10 8 7 7 4 10 2 10 3 4 9 4 3 5 7 9 5 4 9 2 8 6 5 7 10 9 2 8 6 1 10 5 8 8 3 3 8 5 2 10 8 3 3 2 7 1 10 4 7 8 7 4 6 1 3 5 1 4 2 7 6 3 3 6 1 6 8 8 2 2 9 9 4 1 3 2 3 2 7 9 2 3 5 7 3 7 3 4 2 6 2 8 10 6 3 10 1 2 9 4 3 7 5 8 9 7 2 2 8 8 10 1 1 4 9 5 2 3 10 4 8 3 3 8 9 5 9 1 8 10 5 3 8 9 2 7 7 3 8 6 3 9 7 5 3 5 9 4 8 1 9 7 3 1 6 3 7 7 4 5 6 10 7 3 10 10 9 6 3 8 1 7 7 7 1 1 4 1 6 1 3 5 9 6 5 5 10 4 1 5 8 8 4 6 10 3 5 1 10 9 8 1 5 6 7 7 6 2 8 2 4 10 8 3 7 4 7 9 7 9 3 6 6 9 1 7 3 8 9 3 6 9 3 3 4 1 1 2 3 10 5 6 2 2 10 8 7 8 8 4 6 1 9 3 1 2 2 3 9 10 5 6 8 9 10 2 2 3 5 4 2 9 1 3 2 1 3 8 10 10 1 8 10 2 10 10 5 3 5 3 3 9 10 10 10 2 3 1 4 7 6 5 7 6 10 8 8 2 6 10 1 8 7 3 9 8 2 3 1 6 7 3 7 9 4 8 2 9 8 7 5 3 1 4 10 2 1 10 3 8 9 4 6 5 6 6 2 9 1 2 7 9 6 5 7 10 2 10 8 9 6 4 3 9 7 2 10 10 1 3 7 9 8 2 3 3 10 7 3 10 10 9 8 6 5 7 7 6 6 6 6 2 9 8 10 8 10 9 9 10 3 5 1 10 9 5 4 8 1 7 9 3 7 6 8 4 2 6 9 8 1 5 1 1 2 2 8 1 2 8 3 5 3 3 6 3 9 10 2 10 8 10 4 6 7 1 9 9 8 8 8 8 4 10 8 5 1 8 8 2 5 2 8 9 6 4 3 4 3 4 5 2 5 8 9 2 10 8 2 7 7 1 4 10 10 4 6 2 1 5 3 7 8 1 6 3 6 8 9 10 4 3 1 8 3 9 9 2 8 2 1 4 2 6 5 3 9 1 4 1 7 7 8 5 9 3 9 4 2 7 3 5 2 5 3 4 3 3 7 1 5 7 6 8 3 1 1 3 3 4 4 9 10 1 5 10 5 6 3 6 2 7 1 5 1 5 8 4 7 7 6 3 5 1 1 7 1 1 2 5 6 7 6 8 7 10 7 3 5 2 8 9 8 10 3 9 4 3 4 3 9 1 5 3 3 7 2 6 9 5 10 5 1 5 2 9 7 10 1 3 3 10 3 1 2 6 1 7 10 6 9 10 6 4 2 8 2 5 3 1 1 5 7 1 9 8 9 7 9 1 10 2 3 2 4 4 9 4 10 8 1 9 9 8 4 3 7 5 7 2 7 8 6 3 10 6 2 9 3 1 1 4 4 3 5 7 6 6 2 8 5 4 6 4 1 1 6 7 7 4 8 4 3 5 6 3 1 8 3 3 10 3 6 3 6 2 1 3 9 4 10 4 7 7 9 7 7 4 5 4 9 3 9 2 7 4 4 9 3 6 1 2 10 8 6 5 2 8 8 10 1 9 3 7 6 3 3 4 6 10 7 5 2 5 8 10 1 1 1 3 8 1 7 7 1 4 4 2 2 3 1 2 1 6 1 8 10 5 2 6 4 8 2 7 5 1 7 7 3 9 1 10 1 7 8 1 3 3 4 4 5 5 7 8 2 7 5 1 2 6 8 5 6 1 2 2 1 10 8 3 10 8 4 10 7 4 1 1 6 4 6 1 10 2 10 3 1 4 6 4 2 5 10 9 6 3 10 8 4 9 3 3 8 6 3 4 9 3 6 7 8 1 9 8 5 8 2 5 3 7 10 4 2 9 2 9 4 3 6 7 1 8 10 9 6 4 4 6 6 10 2 5 10 2 4 6 9 6 10 4 2 1 9 5 10 1 3 3 3 1 1 6 10 2 4 5 5 9 3 2 10 6 7 2 8 10 7 8 7 9 1 1 9 10 5 10 2 10 4 6 10 5 1 1 6 6 6 1 7 10 2 6 5 10 7 4 2 4 2 8 2 4 10 10 5 5 10 6 6 3 4 7 9 6 7 5 4 4 7 10 3 10 5 8 10 2 1 3 7 4 10 8 10 10 9 4 6 8 2 3 3 5 9 3 2 5 7 5 1 5 4 3 5 9 2 6 2 5 8 8 10 9 7 9 10 5 3 7 5 4 9 9 10 9 1 1 6 10 6 6 4 9 10 10 9 2 5 2 8 4 9 7 5 5 6 6 10 8 3 6 3 3 4 2 2 4 2 7 3 9 4 9 8 3 8 8 6 5 10 3 10 8 10 4 5 5 10 6 2 4 1 6 6 6 7 9 9 10 5 4 9 10 4 6 3 1 5 8 7 4 3 7 4 2 10 8 6 1 5 9 4 7 4 2 2 2 10 2 1 7 7 9 6 10 6 10 3 1 8 9 6 10 7 9 3 9 8 8 9 4 8 5 10 3 6 1 4 5 5 4 1 1 5 9 3 10 8 7 2 7 5 8 8 4 8 10 2 6 9 10 9 6 6 1 8 1 3 3 8 7 9 10 10 3 8 4 4 6 10 6 4 6 5 2 9 2 1 10 7 10 2 8 7 9 8 7 2 10 9 9 9 7 10 10 9 10 3 3 7 4 10 10 9 4 1 10 5 2 9 4 3 2 1 9 1 10 5 2 1 6 2 9 2 1 10 3 10 2 5 6 5 4 6 6 9 8 5 3 9 5 6 3 7 8 4 9 7 8 10 10 3 1 8 7 3 10 9 5 1 5 10 8 10 7 5 8 5 9 10 5 3 8 10 1 5 3 9 4 2 10 3 5 10 2 3 5 1 1 9 4 5 10 3 4 7 7 1 3 7 2 9 1 1 8 2 6 2 2 1 4 2 3 10 3 4 2 7 7 4 7 10 8 7 4 3 5 10 5 9 6 8 7 8 9 7 9 4 10 3 4 3 4 8 4 8 3 5 5 9 8 3 10 7 9 3 9 3 4 5 3 1 3 2 9 1 10 9 6 9 1 1 4 6 8 7 4 10 2 10 1 1 2 10 10 1 5 8 5 8 5 8 9 7 1 7 9 10 5 4 8 8 4 3 3 1 10 6 2 3 5 2 3 7 2 2 9 8 2 5 5 8 4 3 4 4 1 2 3 8 5 3 5 10 5 9 10 4 5 3 8 1 5 3 9 8 6 7 5 7 4 9 4 7 4 9 1 6 2 3 3 6 7 9 7 2 10 8 7 4 1 5 6 5 7 5 2 2 3 6 1 6 6 6 5 9 5 5 7 8 9 9 6 6 10 2 9 9 10 5 4 10 1 1 4 9 7 7 1 10 4 3 7 9 8 3 10 4 7 6 2 6 6 7 3 7 10 1 5 9 7 10 10 8 1 3 6 7 1 8 8 4 10 7 3 10 9 4 5 8 9 8 3 4 6 7 1 6 7 7 4 3 7 6 2 9 8 8 5 1 5 5 4 7 1 8 6 1 1 10 8 9 8 2 5 3 8 7 10 6 3 6 9 1 1 10 9 10 9 6 10 4 2 4 10 4 1 7 4 2 8 4 10 5 7 6 10 5 2 9 10 7 6 10 7 6 10 8 6 8 5 5 3 8 8 4 1 1 2 6 2 10 9 3 6 8 9 7 2 2 6 3 8 1 3 7 9 4 4 4 3 10 8 6 7 8 1 9 8 3 4 1 4 5 3 9 2 3 6 3 7 3 7 4 5 9 10 3 2 5 8 5 6 8 2 2 5 4 10 4 8 6 4 1 10 8 2 3 3 7 7 9 1 3 4 7 2 6 2 3 2 9 9 8 6 10 1 10 4 3 5 3 8 8 4 9 8 5 1 10 3 7 8 5 1 3 1 2 8 2 7 10 1 5 7 8 7 9 10 2 1 4 4 10 2 9
10 1 5 2 10 7 10 9 1 1 1 4 2 1 5 10 10 7 7 8 5 5 6 6 6 9 9 1 10 2 10 10 2 4 1 3 3 1 1 5 3 4 8 6 4 3 6 3 1 2 2 7 6 7 2 3 7 3 5 7 4 4 8 8 10 10 10 4 2 1 8 4 4 6 10 9 10 7 1 2 8 2 9 5 10 2 7 9 4 3 7 10 9 4 7 8 5 6 3 7 8 10 2 3 7 1 1 8 7 3 2 6 6 2 2 6 3 10 6 9 3 2 8 1 7 6 10 1 3 2 9 1 3 1 5 2 3 6 9 2 10 10 7 6 1 1 3 6 10 8 6 2 1 5 2 7 10 1 9 2 2 10 4 7 2 1 8 4 6 8 5 7 10 4 2 2 6 4 7 5 3 2 7 3 6 10 1 7 1 2 1 4 3 4 2 4 4 9 7 1 7 4 8 6 9 1 7 6 7 6 10 9 9 6 4 7 8 6 3 8 9 3 3 1 9 5 6 4 3 5 7 1 10 6 8 10 6 7 5 4 2 4 3 10 2 8 6 9 5 1 8 6 3 10 8 3 6 4 9 9 8 5 1 7 2 9 8 9 5 2 3 8 5 7 9 8 4 5 6 10 7 3 5 1 5 3 4 10 8 2 10 5 8 1 3 9 1 10 7 7 1 9 4 7 5 2 5 10 8 2 10 4 7 6 5 1 10 10 2 7 3 2 3 10 4 5 10 6 6 6 2 8 7 7 5 3 10 1 3 10 2 4 5 8 9 1 10 1 10 2 7 2 5 10 3 8 6 2 3 2 10 6 9 6 2 5 8 1 7 10 10 9 5 5 8 6 7 10 6 7 1 2 10 7 3 3 4 9 6 8 10 5 3 10 10 4 7 10 6 3 9 6 3 6 2 3 1 8 2 6 6 4 9 8 10 2 2 5 10 7 2 1 2 4 10 3 7 6 2 2 1 3 9 3 8 2 5 10 2 6 7 9 1 5 6 10 8 7 4 9 4 7 9 7 10 1 9 8 8 1 10 8 5 10 3 2 2 7 1 5 5 9 3 5 3 9 7 3 5 2 1 10 9 2 6 8 2 7 6 1 9 7 1 3 8 3 6 9 9 8 5 3 6 8 10 8 8 8 2 4 9 3 4 7 4 1 7 7 7 4 9 5 2 9 7 9 1 4 10 2 1 4 6 6 3 5 6 10 2 7 6 3 1 9 1 6 1 9 2 8 2 1 2 3 1 1 4 2 6 3 5 7 8 10 4 1 7 1 2 10 10 7 2 10 7 5 6 8 3 9 5 5 1 8 9 2 10 2 5 6 6 9 4 4 10 7 6 6 8 7 8 7 6 1 8 2 5 5 1 8 4 7 4 4 7 2 7 6 6 1 3 3 1 6 6 1 5 1 8 4 10 7 2 5 8 9 8 2 4 9 9 9 7 2 2 3 6 1 9 3 1 3 5 4 1 3 4 5 3 3 8 2 10 1 8 7 9 6 10 4 6 9 2 2 2 6 5 9 6 5 3 8 7 8 1 9 10 6 3 4 9 2 6 10 2 5 6 3 10 5 8 5 5 10 9 9 7 3 9 4 9 2 3 7 9 6 6 10 1 8 3 1 2 10 10 3 5 7 5 6 4 5 3 10 4 1 8 2 3 7 7 3 8 9 9 8 6 4 9 7 2 1 7 3 3 9 7 9 5 4 4 8 8 6 8 3 8 7 6 2 5 2 4 2 2 3 1 8 6 9 6 9 2 2 3 4 2 10 4 7 3 7 6 10 5 5 4 2 2 9 4 6 10 9 10 3 1 2 2 7 1 7 7 4 1 10 9 2 9 2 10 3 10 6 4 6 10 7 8 3 5 3 1 6 3 2 8 4 3 10 2 5 8 8 10 8 7 8 10 7 1 9 9 1 6 2 6 8 8 5 2 4 9 2 9 2 3 7 5 8 8 8 4 7 5 4 5 4 1 6 2 2 6 3 4 4 4 9 1 4 6 2 7 4 6 8 7 10 6 3 7 3 10 3 1 7 6 5 2 8 2 3 1 10 5 4 3 1 5 3 6 2 6 4 5 1 1 4 1 6 6 9 10 6 1 1 4 8 7 5 6 9 9 8 8 6 2 10 6 8 4 1 9 9 4 5 10 7 8 10 2 4 10 2 1 1 4 4 8 10 8 5 10 8 3 7 3 6 8 8 3 1 10 3 2 6 7 1 4 7 2 5 10 3 8 2 3 1 5 3 1 4 7 10 1 1 9 6 6 8 5 10 1 7 2 2 2 1 4 7 7 7 1 8 9 9 9 2 1 3 6 1 8 4 3 10 5 3 5 2 10 10 2 2 6 5 3 9 5 6 5 1 4 7 10 3 7 8 6 8 2 1 8 9 4 2 1 10 4 5 4 6 6 7 7 3 1 10 3 8 7 7 10 1 6 10 5 2 7 10 9 9 10 7 9 5 10 9 7 4 6 10 1 3 8 7 6 8 8 8 5 7 7 5 7 2 6 3 3 2 2 2 2 3 10 1 9 9 1 5 4 8 6 4 1 3 3 6 3 10 3 9 6 1 3 4 2 10 6 7 2 9 8 5 1 9 7 10 9 8 6 5 7 4 10 7 6 2 2 10 2 7 9 9 9 1 3 1 3 8 7 4 7 6 10 9 6 7 8 4 6 6 8 2 9 10 9 6 1 2 6 4 10 4 3 9 6 5 1 8 4 7 3 2 4 3 1 9 9 10 4 6 5 2 7 5 1 7 1 3 1 6 7 2 9 9 2 4 3 2 2 8 10 4 10 3 8 2 3 6 1 7 3 8 10 10 2 2 8 2 4 10 7 2 2 5 10 5 1 4 7 4 2 8 7 3 1 5 4 5 2 4 1 5 1 2 6 5 3 5 6 9 7 3 10 8 9 10 4 1 5 10 4 8 8 3 10 10 9 3 6 10 9 7 6 1 10 3 5 3 8 1 1 6 5 2 5 5 1 8 6 8 8 9 5 7 1 5 8 9 9 3 1 9 1 8 10 1 1 4 3 10 6 5 5 2 6 9 7 9 6 4 6 5 2 2 3 5 6 10 5 7 5 5 5 5 3 4 5 5 10 9 6 7 5 2 9 1 10 7 1 7 10 8 4 3 9 6 7 7 8 2 3 2 8 7 8 2 3 3 6 4 3 3 2 8 4 2 8 5 8 10 2 9 7 7 2 5 4 10 1 1 1 3 4 1 2 2 2 6 6 10 1 8 2 2 5 6 4 4 2 3 3 5 4 9 1 5 6 5 6 6 7 9 1 3 9 4 4 10 9 9 1 9 8 3 2 3 10 5 6 1 10 1 8 3 1 8 9 6 4 6 4 3 4 6 5 2 9 8 4 9 8 6 9 5 8 10 9 9 7 5 2 6 7 9 10 7 8 10 5 2 5 8 4 1 3 10 2 1 7 7 1 6 3 9 2 2 8 1 3 4 7 4 1 3 4 2 1 1 1 5 4 8 2 9 8 6 8 1 6 6 10 6 1 2 4 3 5 4 5 7 7 1 2 10 5 5 1 5 8 4 10 1 3 3 10 10 9 7 10 6 3 1 4 5 2 9 9 9 2 3 5 1 3 9 10 9 3 2 4 10 7 5 3 9 7 2 8 5 8 10 3 2 10 6 7 4 4 7 2 6 10 8 8 4 6 7 3 1 10 8 10 7 2 2 5 10 5 5 5 5 6 7 8 5 4 4 10 7 3 3 4 2 1 1 7 8 9 9 8 9 8 10 7 9 3 3 9 8 7 5 4 4 3 1 9 6 7 10 2 9 3 6 10 3 6 6 2 7 7 10 5 4 1 3 3 3 5 3 2 4 7 5 7 1 6 5 6 2 7 9 10 9 6 1 3 2 8 4 10 4 5 4 10 5 6 4 8 2 6 1 5 4 6 2 4 3 8 1 4 4 9 5 4 5 7 6 8 4 2 7 10 6 2 9 3 9 2 2 10 9 2 5 4 9 8 7 1 5 9 6 9 7 2 4 3 8 10 10 4 3 8 3 10 1 3 4 9 6 5 9 4 9 5 7 7 2 5 10 8 3 5 8 1 9 2 6 6 3 7 1 5 5 5 6 5 7 10 6 4 4 6 7 4 10 5 1 3 1 2 2 5 6 10 8 4 1 3 2 5 9 2 1 5 9 6 2 5 5 7 9 1 2 7 6 3 4 8 7 4 9 8 1 7 7 8 2 9 10 3 3 10 7 3 5 5 1 6 1 7 4 1 9 5 10 5 9 5 2 5 10 3 4 10 9 3 7 10 3 8 5 8 8 1 2 2 7 2 9 9 1 2 2 9 6 1 5 6 5 7 2 4 9 5 6 9 9 2 8 2 2 2 9 9 4 10 10 10 4 8 1 4 1 2 2 6 2 7 3 8 5 4 3 5 10 8 3 9 2 10 2 3 4 10 1 7 1 2 7 6 1 7 9 1 10 3 8 1 1 10 10 5 5 2 1 4 2 3 4 5 4 5 7 7 6 9 4 7 2 2 4 2 10 3 4 9 5 3 1 5 4 2 1 8 5 3 3 6 7 7 10 10 3 8 9 9 6 4 7 9 7 10 10 8 2 5 8 8 7 8 4 10 9 6 9 5 8 2 1 4 8 2 6 2 2 4 10 9 9 8 8 5 8 7 2 1 4 9 1 10 8 6 10 8 2 10 2 1 1 2 7 10 6 2 2 7 7 3 5 5 1 2 9 8 1 2 10 4 10 10 5 9 6 6 6 9 6 7 1 6 1 7 6 8 8 9 4 6 1 10 10 1 2 10 10 4 3 10 9 2 1 3 2 8 9 7 8 4 6 9 1 6 5 8 3 5 6 8 2 7 7 2 9 10 3 9 5 6 10 3 9 10 8 1 10 6 9 7 1 4 5 3 1 2 1 5 8 8 2 9 6 1 2 5 2 5 3 7 2 4 1 10 5 8 2 4 5 1 3 7 6 7 2 7 10 2 1 9 1 5 8 7 7 9 1 8 5 5 6 6 10 9 8 4 8 9 8 5 1 10 3 7 8 4 3 10 7 5 8 8 9 5 4 7 6 6 7 10 2 4 8 1 2 5 4 2 5 3 6 6 2 8 2 2 2 6 1 8 10 8 7 1 5 2 9 10 9 5 1 10 9 10 2 2 4 8 3 1 2 8 6 6 6 9 7 9 6 9 6 7 6 5 9 2 6 8 3 5 2 6 6 2 5 10 4 1 7 6 1 8 4 8 3 1 8 1 1 3 9 6 9 7 2 10 10 8 7 3 2 10 8 9 2 4 8 7 4 4 2 4 4 7 3 8 9 10 1 9 4 9 7 3 7 8 2 7 7 10 9 8 1 8 7 2 1 6 10 7 10 4 2 5 10 5 4 1 4 4 9 8 5 7 2 1 5 5 7 1 6 7 1 6 6 9 10 9 4 9 5 5 2 6 1 4 10 5 4 6 8 4 5 4 1 8 5 7 2 3 9 9 2 9 4 9 9 3 7 5 2 1 9 5 7 10 8 6 6 1 3 5 7 7 9 7 4 5 3 7 9 1 5 10 2 1 9 2 5 7 6 6 8 5 3 4 6 10 1 3 3 4 7 9 2 5 7 8 9 9 6 10 1 3 9 4 3 9 6 7 6 1 5 5 7 7 10 4 8 10 6 2 5 3 10 7 9 8 6 10 6 1 9 9 3 9 4 7 10 9 6 7 2 10 1 10 8 10 6 5 1 1 9 6 5 8 4 4 6 9 5 3 1 3 3 6 1 7 2 2 7 7 8 8 8 8 10 5 9 5 2 10 5 10 5 2 9 10 7 6 10 1 1 2 5 5 7 7 1 1 9 8 7 6 7 7 6 6 1 4 2 4 5 7 3 1 10 4 10 6 1 1 8 1 3 4 6 9 10 8 9 8 7 8 6 6 4 3 1 6 8 5 10 3 3 4 3 2 9 5 9 10 5 8 10 7 1 7 8 10 5 8 10 3 7 7 8 10 9 1 8 6 5 7 8 7 2 3 8 1 7 8 2 3 5 3 2 5 10 9 4 6 8 5 8 5 1 6 6 9 8 3 7 2 1 6 8 5 8 7 5 6 6 8 9 10 10 10 4 1 10 9 6 9 4 6 3 6 3 1 5 10 3 3 1 6 8 10 10 6 8 6 1 3 3 1 2 2 2 7 5 1 5 10 10 10 7 4 6 9 4 2 10 9 4 10 4 1 1 5 8 8 10 1 10 2 1 1 5 3 7 9 5 4 1 6 3 7 2 10 8 7 1 7 7 6 9 2 9 9 6 6 7 5 8 6 8 9 9 5 3 5 5 9 10 5 5 5 4 6 4 3 4 7 1 1 4 9 2 2 8 8 10 6 4 7 1 2 7 1 8 9 8 2 8 7 9 4 1 4 1 7 8 4 5 8 4 10 7 6 4 6 3 3 1 8 1 3 1 8 4 8 8 1 2 7 9 2 2 2 5 2 10 4 6 6 1 1 5 9 6 8 4 10 2 6 8 3 1 8 2 6 8 1 8 9 10 6 2 1 7 8 3 6 1 10 3 1 10 8 2 8 7 7 7 9 3 6 3 5 6 6 10 3 8 7 3 7 2 4 8 1 1 2 8 1 1 1 3 2 10 4 9 6 1 8 6 5 3 10 9 10 5 8 2 5 6 6 1 9 9 8 9 1 1 9 3 3 9 6 5 8 1 5 5 1 4 3 7 9 2 5 8 9 4 2 3 1 7 3 10 8 3 10 8 5 8 1 8 6 6 4 5 8 8 2 9 4 4 7 2 5 4 9 5 7 10 7 10 7 2 9 4 4 8 3 10 6 3 7 3 10 10 10 8 10 1 8 3 6 4 6 2 7 4 7 6 6 3 5 4 6 5 9 1 2 1 1 9 6 7 4 5 9 5 4 8 5 3 2 2 7 7 3 5 2 9 2 9 4 8 2 9 2 10 10 6 3 10 6 8 6 9 4 4 3 10 3 9 2 6 2 10 4 5 5 8 3 8 6 6 6 8 7 7 9 6 2 1 5 10 10 2 8 6 8 3 5 2 3 6 8 5 8 3 1 2 10 3 1 6 1 6 5 7 3 3 4 6 6 8 5 5 1 5 10 8 9 6 2 3 2 9 9 1 1 9 4 3 4 4 8 4 10 2 2 4 6 5 9 1 4 6 8 6 2 9 4 2 5 5 6 8 5 5 8 7 3 1 9 8 4 8 1 5 9 4 8 7 10 9 7 3 6 4 9 7 3 4 10 9 10 5 6 6 1 3 2 6 3 3 3 8 10 6 3 1 9 10 7 9 8 3 3 5 9 3 3 3 6 2 3 7 9 8 2 9 10 4 6 4 6 9 3 5 6 5 5 4 7 3 4 6 8 9 1 6 1 3 10 7 7 2 3 5 1 5 5 2 10 1 7 7 1 9 1 6 6 8 1 4 10 7 9 7 5 1 4 5 6 5 3 2 8 6 8 8 2 2 9 1 4 5 7 6 6 9 1 1 8 4 4 10 10 4 8 6 5 4 10 10 8 3 1 8 10 10 5 1 1 6 3 7 2 1 2 7 1 5 9 9 8 4 8 9 8 7 6 2 10 7 3 10 9 5 7 10 4 1 2 6 8 4 2 2 6 4 8 7 10 9 5 9 2 4 9 9 2 4 2 2 10 6 1 1 10 7 10 5 9 2 1 9 7 4 10 3 9 9 1 8 7 7 6 9 10 4 7 1 7 1 4 9 6 4 9 8 2 10 2 3 1 4 1 10 8 10 4 6 8 4 4 7 10 1 5 1 5 3 3 3 5 7 3 1 2 1 10 6 1 1 8 3 7 10 4 4 9 7 1 8 2 4 4 3 7 10 3 1 3 6 5 7 4 8 9 7 10 8 2 10 1 9 5 9 10 8 2 10 7 2 8 8 8 3 3 4 5 5 6 9 2 2 5 5 9 6 4 9 5 5 10 5 6
6 3 5 6 6 5 2 10 4 1 9 8 3 2 2 10 9 10 1 10 7 8 1 4 1 9 8 7 10 5 2 6 9 7 3 5 3 4 6 8 6 4 5 1 7 7 10 5 8 10 4 6 9 4 9 9 4 7 6 6 1 9 3 9 7 5 5 9 10 2 6 5 5 3 5 1 9 4 7 8 6 3 4 4 8 4 3 2 10 10 9 2 8 1 3 5 5 9 5 4 1 1 10 7 3 5 10 3 10 6 2 5 8 7 1 6 1 5 9 10 4 7 4 3 7 6 9 3 4 4 8 4 6 9 3 10 5 2 4 5 7 5 1 7 4 1 4 4 7 2 5 10 10 8 5 8 5 3 10 9 8 9 4 5 7 6 4 2 7 7 8 6 4 10 2 9 1 5 4 9 8 8 1 7 8 5 4 4 9 5 4 7 3 8 3 1 5 7 4 4 5 3 1 10 3 4 8 5 10 1 3 7 1 3 3 10 7 8 3 8 2 7 6 6 6 8 6 2 4 2 5 1 4 7 10 6 10 8 10 9 10 3 7 10 7 9 9 4 8 4 3 9 10 8 6 7 7 4 8 3 5 5 3 8 1 2 6 1 1 5 1 3 9 8 4 6 8 3 1 6 8 5 6 7 2 2 3 10 5 2 2 1 6 4 8 7 8 5 9 10 2 9 2 10 8 6 7 6 10 9 3 7 3 8 5 6 1 9 6 7 10 7 7 8 3 5 4 10 9 4 1 10 4 3 2 2 10 10 9 9 9 1 7 3 10 1 9 3 1 6 9 10 2 6 7 6 10 2 7 10 7 8 2 1 2 5 2 1 4 2 1 4 4 7 7 3 9 5 5 9 10 6 10 3 1 9 1 2 10 7 3 7 6 4 9 7 10 2 7 6 3 7 9 6 5 5 10 3 1 7 1 2 2 3 7 2 1 7 3 2 5 5 10 1 1 8 7 2 9 6 7 3 4 6 8 9 2 8 3 5 6 6 8 7 8 4 10 8 2 2 1 9 8 1 9 10 8 7 2 9 4 8 1 8 5 1 8 9 10 10 5 5 7 2 3 4 8 2 3 1 5 4 9 4 4 9 4 3 6 5 3 1 4 6 8 1 6 7 1 5 9 5 9 5 6 1 1 5 4 3 6 8 8 4 1 1 3 6 6 10 2 10 10 6 5 10 8 10 8 8 6 6 2 6 3 9 8 3 4 1 7 1 10 5 4 1 7 8 6 4 9 8 4 9 5 10 10 4 2 7 1 7 5 4 3 9 2 2 3 7 3 9 7 2 5 3 4 2 2 2 7 1 1 2 1 7 2 2 10 3 8 10 1 4 5 5 2 6 7 6 5 1 5 3 4 1 5 8 2 7 1 1 9 1 2 1 7 3 2 8 7 1 7 8 5 1 4 8 8 10 4 2 2 10 5 6 10 1 3 4 9 5 4 9 5 5 9 3 10 10 10 6 1 8 5 7 8 9 4 7 10 9 1 2 10 7 9 10 7 3 5 8 7 10 6 1 6 5 3 5 6 4 3 6 1 7 2 10 7 8 6 9 6 8 2 6 4 10 7 3 2 3 2 8 2 7 10 7 3 4 4 9 7 6 6 9 4 8 8 3 7 5 3 2 3 4 9 8 5 5 2 8 9 3 5 10 2 6 9 4 1 2 4 7 9 2 7 2 1 4 6 7 10 8 8 4 3 7 2 7 3 3 4 2 8 10 3 9 7 1 4 7 2 8 5 2 1 1 4 1 6 1 7 6 9 4 9 1 2 2 10 7 5 3 10 4 5 2 2 1 5 5 8 8 4 2 10 4 5 3 4 10 5 10 5 3 6 6 6 9 7 5 7 3 9 6 6 3 8 7 6 4 4 5 1 7 6 10 3 2 4 6 2 9 8 8 3 5 3 8 3 2 2 10 6 3 5 2 7 4 10 2 9 3 6 10 2 4 9 4 5 3 1 8 1 8 6 5 2 10 3 7 3 6 8 9 8 2 10 5 8 1 8 6 6 4 7 9 7 6 4 3 10 4 1 2 4 8 6 7 7 8 3 10 4 10 10 3 4 1 9 3 1 7 10 8 10 7 6 8 4 9 10 3 5 2 4 8 9 9 4 8 9 9 9 4 10 8 6 3 8 7 7 10 3 9 8 4 7 5 1 10 4 2 2 8 4 7 7 2 7 10 1 5 10 9 8 10 6 6 4 3 2 1 3 6 9 2 9 5 6 1 6 1 2 9 8 5 5 4 9 1 6 9 8 5 8 5 4 5 2 8 10 5 10 4 10 10 5 8 6 10 8 1 3 2 9 10 8 5 6 6 7 1 7 4 7 6 1 3 10 2 2 9 7 1 2 6 2 8 6 7 10 5 9 2 6 9 3 4 3 8 1 9 10 7 5 9 4 5 1 6 6 2 4 4 4 8 2 5 7 7 3 6 1 1 9 9 9 2 2 3 1 2 3 1 1 7 9 4 3 1 9 1 2 5 4 5 4 7 1 10 3 3 8 6 3 8 4 3 9 7 7 10 10 9 2 10 8 2 6 2 2 6 2 5 10 8 1 5 4 1 7 9 3 6 4 7 3 9 1 2 5 7 3 6 7 6 6 6 9 3 8 2 8 9 8 8 8 8 4 2 10 10 10 4 5 5 10 8 3 2 1 9 8 5 4 4 2 1 10 10 3 9 1 1 7 8 10 5 7 3 8 6 5 7 1 9 1 2 8 5 3 8 3 10 4 8 5 5 9 6 4 3 4 6 3 3 5 4 7 1 9 4 8 3 2 8 3 2 9 1 6 3 10 10 2 4 7 9 8 7 4 4 10 8 9 4 10 4 8 8 6 8 3 6 10 4 3 4 7 4 4 4 6 4 3 10 9 1 8 6 8 3 9 7 10 8 10 1 3 9 8 10 6 2 5 7 5 8 3 3 3 6 6 10 1 10 9 9 1 8 7 8 1 5 4 2 4 5 5 8 6 4 8 3 6 2 2 2 1 4 5 5 9 2 5 2 2 5 10 2 5 6 9 5 3 4 8 8 10 2 6 5 6 3 10 3 4 1 4 7 4 10 1 4 2 5 5 3 2 7 4 6 4 4 10 8 9 9 6 8 3 1 5 10 3 6 2 8 6 5 4 1 7 7 4 8 1 1 2 2 9 7 7 2 10 8 2 10 9 7 7 1 9 3 10 1 8 1 10 5 7 6 5 3 2 1 2 4 3 3 6 1 9 4 4 10 4 5 9 2 3 8 2 1 2 3 3 10 3 3 6 1 10 1 6 3 3 7 6 5 10 3 5 10 9 10 10 2 5 8 5 7 5 8 8 9 10 10 8 4 4 5 4 5 7 9 7 9 6 3 3 7 5 9 6 5 9 7 6 5 5 10 3 1 7 10 9 8 2 8 1 7 3 5 2 1 5 8 10 2 2 4 10 7 5 6 1 3 4 9 9 10 10 1 1 9 3 1 6 4 1 7 2 5 3 3 5 9 1 6 1 4 10 10 10 4 7 3 8 1 3 6 10 2 6 2 10 10 5 8 3 7 4 5 1 8 9 7 6 1 3 8 5 4 10 6 7 8 10 6 10 2 1 2 6 8 5 7 8 9 4 2 7 9 8 7 8 7 6 4 9 10 3 3 3 4 1 1 2 10 6 1 2 8 2 9 7 7 5 6 7 9 8 4 7 7 2 7 5 9 10 4 8 4 8 10 8 8 2 9 8 7 1 1 6 5 9 3 3 3 8 9 1 7 4 10 4 6 6 8 4 7 1 4 2 9 3 1 6 5 1 5 3 2 5 9 6 3 3 10 6 10 8 8 7 2 9 10 9 6 7 4 4 10 7 6 10 2 6 7 8 7 2 10 10 6 10 7 9 2 6 4 4 5 3 10 8 2 1 6 7 9 2 1 8 10 8 9 1 5 6 8 1 7 10 2 2 1 8 10 5 3 5 8 8 8 7 7 9 7 3 7 7 6 9 7 5 6 5 6 3 10 5 5 6 6 7 8 9 4 9 3 9 4 10 8 1 8 4 1 6 8 7 2 3 8 8 8 5 3 5 7 2 1 2 10 9 8 9 7 3 7 1 3 10 2 10 2 9 4 4 4 3 3 7 6 10 5 5 6 9 1 3 2 3 6 1 1 5 9 9 7 8 1 10 9 2 1 1 10 6 6 5 9 8 2 6 9 8 10 5 6 2 7 7 4 4 10 7 8 10 7 6 7 8 7 6 9 8 8 1 3 3 7 3 3 10 8 1 7 9 5 4 10 3 3 4 6 4 2 3 3 8 1 10 5 7 7 6 4 6 8 9 10 4 1 2 4 1 5 2 9 9 6 1 2 10 4 9 3 7 4 5 4 4 6 9 10 4 6 6 9 3 6 9 6 8 2 1 8 6 3 9 7 10 9 10 9 4 8 3 10 1 7 3 6 5 3 6 8 8 3 9 2 10 9 10 7 10 10 7 8 4 5 4 5 3 3 5 8 10 7 7 3 6 1 8 10 4 5 9 3 9 7 5 8 7 6 7 9 5 3 6 1 7 9 5 1 3 10 8 4 6 6 6 3 6 6 2 1 2 3 4 3 9 10 2 8 5 8 6 1 10 1 1 8 1 8 8 3 7 7 6 4 4 4 7 10 1 10 10 4 2 5 6 3 4 8 10 8 5 5 1 7 7 1 4 7 8 2 9 6 10 6 2 4 1 10 3 1 1 4 7 3 9 2 7 2 1 8 2 8 4 2 4 10 4 7 6 4 10 6 1 10 3 4 5 4 3 9 6 6 2 2 10 10 6 6 4 8 3 7 5 8 10 8 7 3 7 4 8 6 1 9 7 5 2 1 10 7 9 6 2 3 9 1 4 4 8 7 2 2 5 8 9 4 8 5 9 4 10 6 1 10 4 8 4 8 10 4 4 9 1 7 1 9 9 4 5 6 3 8 7 9 7 7 5 4 3 3 9 2 10 10 3 6 9 8 3 8 3 8 8 3 6 10 4 4 6 10 9 10 9 7 8 5 3 4 1 5 6 9 8 6 10 10 1 8 7 5 8 10 4 7 4 9 7 7 2 4 8 2 3 6 10 2 1 4 6 1 10 3 1 7 10 1 6 2 10 4 8 7 5 1 6 9 9 4 7 10 7 5 3 1 10 2 4 2 5 1 4 6 4 5 2 5 7 9 7 6 5 4 5 9 7 2 7 5 5 6 7 1 10 9 3 1 3 6 3 9 9 8 5 4 4 6 8 10 7 6 8 1 2 4 9 8 5 8 4 9 3 10 1 2 1 5 4 3 2 6 3 10 6 7 3 9 5 3 1 1 8 8 3 1 3 1 8 9 10 4 7 2 3 9 5 3 3 9 7 4 6 10 6 1 8 8 2 4 2 2 4 2 1 6 2 3 9 2 1 10 5 9 2 9 9 8 4 3 8 10 8 6 1 3 6 1 3 9 4 4 10 10 5 10 7 9 4 5 10 4 7 6 4 10 4 2 7 7 4 7 9 2 2 9 6 9 1 8 8 5 2 9 4 8 9 10 6 4 7 7 10 3 2 3 2 6 7 10 2 10 6 10 3 9 1 9 8 1 8 7 7 9 5 10 9 3 2 6 9 10 3 8 4 4 10 5 1 8 6 3 10 4 4 2 2 6 2 1 9 10 7 5 10 2 7 8 6 8 4 4 7 8 1 10 1 3 6 2 10 3 6 9 6 1 3 10 7 4 10 5 5 7 1 7 10 7 6 5 4 9 9 2 8 1 3 9 3 10 2 3 3 9 3 10 1 5 1 9 1 1 5 7 9 6 3 8 2 9 2 8 9 2 9 7 3 4 7 5 3 10 9 7 10 4 9 10 10 9 9 2 1 3 9 1 8 3 10 2 1 4 9 10 5 9 8 9 2 6 6 7 5 4 5 4 9 3 5 9 4 3 10 6 8 10 7 7 3 6 8 5 9 6 6 6 5 3 4 8 8 9 6 4 5 1 9 3 5 4 3 10 8 5 6 7 6 4 4 8 1 3 3 2 1 8 7 7 3 2 4 2 1 10 8 7 10 6 1 6 1 4 6 9 10 3 7 5 6 10 5 6 5 9 7 5 8 5 1 2 7 4 4 7 5 1 5 6 6 5 2 9 8 9 7 9 1 5 6 8 7 10 5 1 10 2 5 7 6 7 9 4 2 4 2 7 4 6 4 1 1 5 9 10 5 7 9 7 2 4 4 8 5 9 10 6 2 6 2 9 2 2 3 3 7 4 1 2 10 5 3 10 1 3 9 6 2 9 2 5 4 8 4 8 6 3 3 9 8 7 7 1 10 9 3 7 5 4 8 4 8 2 5 10 7 5 5 8 4 9 4 7 8 7 7 5 1 1 3 10 9 9 10 9 10 4 7 6 7 4 9 6 8 5 6 4 9 2 3 2 10 8 1 9 6 7 3 6 9 5 7 8 6 6 8 5 1 4 10 10 9 10 5 6 6 2 1 4 4 5 8 5 2 8 4 7 6 6 4 4 3 10 3 8 7 10 4 8 3 3 7 4 4 3 9 9 5 2 4 10 6 1 6 10 10 1 6 5 9 2 1 1 1 3 8 10 3 1 9 7 5 7 10 8 9 1 8 5 2 1 6 9 4 2 8 3 4 6 8 2 7 10 2 9 2 9 10 6 1 8 5 5 4 4 4 5 4 3 1 7 6 7 8 9 10 5 1 5 10 8 7 8 9 8 7 1 9 6 8 9 6 2 6 1 6 9 5 1 4 8 10 9 6 7 7 5 3 7 9 3 7 7 2 5 5 10 7 5 8 5 5 3 6 10 3 3 1 10 4 4 7 5 4 4 1 10 8 3 8 8 7 6 7 1 1 1 10 9 7 7 3 1 9 9 3 4 3 5 5 8 10 3 2 3 6 4 4 5 7 1 4 5 7 10 5 9 2 7 7 8 3 10 1 4 10 3 7 4 9 3 2 8 5 3 10 2 7 3 6 5 5 9 1 1 1 6 9 2 4 8 2 6 9 2 9 10 6 7 3 4 1 4 3 5 7 2 8 3 6 3 9 10 4 9 3 6 6 3 7 9 10 8 7 8 1 5 7 8 4 10 3 4 5 5 1 1 8 8 5 5 3 3 7 8 4 9 3 9 3 1 10 3 1 6 2 1 2 1 1 7 10 5 3 4 2 5 7 1 4 3 6 6 8 4 5 1 4 7 1 6 8 10 8 8 7 10 10 1 2 2 7 1 7 1 6 8 5 4 10 9 7 5 6 4 10 1 4 3 9 6 9 8 8 6 7 4 7 9 6 8 2 5 10 8 5 8 7 10 3 7 10 9 3 5 4 3 7 9 5 8 5 3 7 2 1 6 7 9 6 3 9 7 7 10 5 3 9 3 2 2 1 3 2 4 8 6 6 6 4 2 5 8 7 2 1 9 9 10 9 4 4 9 10 2 9 6 4 9 9 8 10 9 10 4 4 9 9 1 5 4 3 1 4 1 2 4 9 2 5 7 5 8 6 5 9 6 10 5 4 10 2 6 1 1 9 4 10 9 5 6 2 7 6 5 7 8 1 7 1 5 3 6 5 10 10 3 5 1 7 1 3 10 6 3 1 6 6 10 4 10 5 7 8 2 2 4 1 4 10 2 10 5 7 4 4 8 9 1 8 7 1 10 7 8 4 7 5 10 8 8 9 4 6 7 5 7 2 6 2 4 7 2 8 5 5 3 2 3 5 1 2 7 3 8 4 6 6 10 5 3 7 6 8 5 2 4 1 5 1 5 8 7 6 7 3 2 2 4 7 6 7 8 3 9 5 8 6 10 8 3 4 6 8 1 10 1 6 3 5 7 9 5 5 4 1 8 7 4 3 3 10 9 10 4 9 6 3 7 5 2 9 10 10 8 2 1 8 8 3 4 4 1 8 8 6 1 5 3 4 10 7 5 8 7 10 9 4 5 5 9 6 3 10 5 10 2 6 9 9 10 2 2 3
