Enter size of array, followed by the elements
> [ 3, 7, 1 ];
[ 3, 1, 7 ];
[ 1, 7, 3 ];
[ 1, 3, 7 ];
> [ 9, 9, 9 ];
> [ 9, 9, 8 ];
[ 9, 8, 9 ];
[ 8, 9, 9 ];
> [ 1, 2, 3, 4, 5, 6, 7, 8, 9, 10 ];
> [ 4, 3, 2, 1 ];
[ 4, 3, 1, 2 ];
[ 4, 2, 3, 1 ];
[ 4, 2, 1, 3 ];
[ 4, 1, 3, 2 ];
[ 4, 1, 2, 3 ];
[ 3, 4, 2, 1 ];
[ 3, 4, 1, 2 ];
[ 3, 2, 4, 1 ];
[ 3, 2, 1, 4 ];
[ 3, 1, 4, 2 ];
[ 3, 1, 2, 4 ];
[ 2, 4, 3, 1 ];
[ 2, 4, 1, 3 ];
[ 2, 3, 4, 1 ];
[ 2, 3, 1, 4 ];
[ 2, 1, 4, 3 ];
[ 2, 1, 3, 4 ];
[ 1, 4, 3, 2 ];
[ 1, 4, 2, 3 ];
[ 1, 3, 4, 2 ];
[ 1, 3, 2, 4 ];
[ 1, 2, 4, 3 ];
[ 1, 2, 3, 4 ];
> [ 1 ];
> [ 2, 1 ];
[ 1, 2 ];
> [ 1, 2 ];
> 